0 0.869141 0.270508 0.216797 0.185547
0 0.384277 0.486816 0.211914 0.180664
0 0.827148 0.438965 0.250000 0.192383
0 0.558105 0.242188 0.219727 0.171875
0 0.752441 0.897461 0.163086 0.128906
0 0.482422 0.472656 0.214844 0.169922
0 0.483887 0.902344 0.180664 0.162109
0 0.617188 0.459961 0.173828 0.134766
0 0.505371 0.145020 0.174805 0.180664
4 0.344238 0.470215 0.096680 0.133789
4 0.515137 0.728516 0.170898 0.136719
4 0.443848 0.942871 0.116211 0.084961
2 0.850098 0.931152 0.104492 0.096680
1 0.795898 0.565918 0.062500 0.065430
1 0.224121 0.279297 0.088867 0.101562
1 0.292480 0.656250 0.061523 0.066406
1 0.613281 0.820312 0.072266 0.078125
1 0.295898 0.955078 0.074219 0.082031
1 0.848633 0.072266 0.072266 0.089844
3 0.923828 0.560059 0.056641 0.057617
3 0.759277 0.561523 0.063477 0.064453