0 0.302734 0.252441 0.183594 0.233398
0 0.103516 0.615234 0.195312 0.267578
0 0.156738 0.698730 0.208008 0.258789
0 0.666992 0.709961 0.224609 0.275391
0 0.723633 0.502441 0.226562 0.200195
0 0.349609 0.369629 0.197266 0.141602
0 0.134277 0.614746 0.202148 0.149414
0 0.721191 0.136230 0.174805 0.225586
0 0.186035 0.165039 0.254883 0.310547
0 0.144043 0.523926 0.225586 0.172852
2 0.702637 0.073242 0.118164 0.091797
2 0.835938 0.774414 0.126953 0.107422
1 0.808105 0.332031 0.096680 0.095703
1 0.933594 0.215332 0.083984 0.083008
1 0.446289 0.527344 0.078125 0.082031
1 0.412109 0.744141 0.050781 0.054688
3 0.226562 0.615234 0.066406 0.091797
3 0.367188 0.363770 0.066406 0.073242
3 0.138672 0.480957 0.066406 0.043945