0 0.850586 0.770020 0.228516 0.168945
0 0.287598 0.222168 0.172852 0.241211
0 0.564453 0.555664 0.255859 0.175781
0 0.821777 0.706543 0.198242 0.196289
0 0.762695 0.421387 0.255859 0.223633
4 0.721680 0.077148 0.162109 0.089844
2 0.184082 0.363770 0.088867 0.098633
2 0.116211 0.760742 0.097656 0.070312
1 0.236328 0.364258 0.089844 0.097656
1 0.899414 0.750977 0.078125 0.093750
1 0.592773 0.692871 0.074219 0.073242
1 0.800293 0.309570 0.061523 0.068359
1 0.868164 0.229980 0.072266 0.075195
3 0.847168 0.551270 0.032227 0.047852
3 0.529297 0.333984 0.074219 0.085938
3 0.528320 0.155762 0.093750 0.096680