0 0.609863 0.396973 0.206055 0.178711
0 0.875977 0.803223 0.152344 0.208008
0 0.612305 0.778320 0.214844 0.173828
0 0.760742 0.574707 0.185547 0.243164
0 0.504883 0.759277 0.294922 0.227539
0 0.882812 0.127930 0.195312 0.240234
0 0.702148 0.368164 0.275391 0.220703
0 0.174316 0.858887 0.178711 0.153320
0 0.275879 0.477539 0.229492 0.185547
4 0.416016 0.895996 0.130859 0.141602
4 0.753906 0.092285 0.121094 0.122070
2 0.759277 0.641602 0.112305 0.089844
2 0.699707 0.055176 0.079102 0.075195
1 0.927246 0.454590 0.067383 0.083008
1 0.912109 0.618164 0.089844 0.097656
1 0.271484 0.071777 0.050781 0.049805
1 0.319336 0.351074 0.089844 0.096680
3 0.374023 0.596680 0.066406 0.068359
3 0.356445 0.568359 0.060547 0.062500
3 0.310547 0.718262 0.042969 0.069336
3 0.353027 0.388672 0.086914 0.056641