0 0.517090 0.523438 0.258789 0.201172
0 0.230469 0.354004 0.214844 0.161133
0 0.833008 0.843262 0.265625 0.215820
0 0.899902 0.180664 0.190430 0.253906
0 0.650879 0.201660 0.151367 0.200195
0 0.282227 0.726562 0.267578 0.199219
0 0.886230 0.583496 0.217773 0.241211
0 0.431641 0.169922 0.212891 0.212891
0 0.209473 0.638672 0.163086 0.128906
0 0.494141 0.735840 0.285156 0.260742
0 0.801270 0.520508 0.250977 0.191406
0 0.208496 0.439941 0.239258 0.155273
0 0.832031 0.458008 0.162109 0.138672
0 0.522461 0.597656 0.189453 0.154297
4 0.750488 0.726074 0.131836 0.098633
4 0.589355 0.425293 0.151367 0.145508
4 0.488770 0.289062 0.190430 0.144531
2 0.782227 0.251465 0.121094 0.131836
2 0.039062 0.191406 0.064453 0.072266
1 0.460938 0.687988 0.044922 0.063477
3 0.765137 0.365234 0.043945 0.068359
3 0.788574 0.789551 0.075195 0.051758
3 0.260254 0.086426 0.047852 0.069336