0 0.852539 0.185059 0.267578 0.317383
0 0.236328 0.585449 0.136719 0.206055
0 0.793945 0.111328 0.203125 0.148438
0 0.629395 0.375000 0.252930 0.218750
0 0.522949 0.392578 0.208008 0.152344
0 0.141602 0.495117 0.222656 0.191406
0 0.156250 0.424805 0.275391 0.228516
4 0.225586 0.694336 0.138672 0.107422
2 0.862793 0.081055 0.090820 0.076172
2 0.399902 0.936035 0.100586 0.096680
2 0.414551 0.312500 0.098633 0.109375
2 0.826172 0.344727 0.107422 0.080078
1 0.576172 0.780273 0.058594 0.066406
1 0.590332 0.680176 0.057617 0.071289
1 0.785156 0.795410 0.046875 0.045898
1 0.036621 0.489258 0.040039 0.074219
1 0.248535 0.064941 0.092773 0.106445