0 0.243652 0.600586 0.122070 0.177734
0 0.581055 0.359375 0.265625 0.208984
0 0.711426 0.464844 0.190430 0.230469
0 0.113281 0.696777 0.224609 0.186523
0 0.100586 0.619141 0.187500 0.142578
0 0.747070 0.647461 0.199219 0.263672
0 0.688965 0.312500 0.161133 0.205078
0 0.423828 0.715332 0.263672 0.188477
0 0.410156 0.208984 0.263672 0.214844
0 0.163086 0.434082 0.197266 0.155273
0 0.272949 0.793945 0.204102 0.169922
0 0.419434 0.869629 0.211914 0.194336
0 0.721191 0.900879 0.215820 0.178711
4 0.181152 0.878906 0.118164 0.136719
2 0.345703 0.376465 0.123047 0.120117
2 0.879883 0.380371 0.054688 0.067383
2 0.231934 0.075684 0.125977 0.116211
2 0.935059 0.208984 0.079102 0.093750
1 0.661621 0.050781 0.086914 0.085938
1 0.892090 0.189941 0.057617 0.061523
1 0.842773 0.292969 0.070312 0.083984
1 0.680664 0.562500 0.087891 0.105469
1 0.523438 0.572266 0.074219 0.097656
3 0.124512 0.189941 0.043945 0.024414