0 0.310547 0.858398 0.181641 0.128906
0 0.798340 0.221680 0.209961 0.162109
0 0.594727 0.885254 0.140625 0.200195
0 0.154785 0.845703 0.209961 0.191406
0 0.316895 0.696777 0.208008 0.165039
0 0.813965 0.692871 0.157227 0.131836
0 0.347656 0.467285 0.189453 0.143555
0 0.119629 0.924805 0.159180 0.128906
2 0.256836 0.180664 0.109375 0.125000
2 0.440918 0.513184 0.096680 0.106445
1 0.319336 0.811035 0.066406 0.065430
1 0.606934 0.463867 0.079102 0.095703
1 0.860352 0.149902 0.052734 0.065430
3 0.347656 0.279297 0.054688 0.027344
3 0.731445 0.662598 0.089844 0.090820