0 0.588379 0.294434 0.266602 0.229492
0 0.343262 0.745117 0.161133 0.203125
0 0.520996 0.150879 0.262695 0.198242
0 0.352539 0.241699 0.191406 0.147461
0 0.419434 0.339844 0.184570 0.242188
0 0.581543 0.582031 0.221680 0.179688
0 0.788574 0.300293 0.264648 0.208008
0 0.717285 0.165527 0.174805 0.241211
0 0.378418 0.561035 0.202148 0.143555
0 0.247070 0.845703 0.265625 0.208984
2 0.913086 0.434082 0.121094 0.133789
1 0.727539 0.774414 0.064453 0.082031
3 0.898926 0.858887 0.045898 0.047852
3 0.811523 0.322754 0.076172 0.041992