0 0.732910 0.178711 0.223633 0.191406
0 0.299316 0.527832 0.221680 0.243164
0 0.541504 0.804199 0.170898 0.235352
0 0.703125 0.779785 0.238281 0.198242
0 0.732910 0.656250 0.219727 0.177734
0 0.326172 0.843750 0.189453 0.238281
0 0.161133 0.432617 0.230469 0.179688
0 0.852051 0.455566 0.239258 0.190430
0 0.848633 0.706055 0.244141 0.152344
0 0.855957 0.322754 0.219727 0.174805
0 0.827637 0.186523 0.264648 0.207031
0 0.907227 0.146973 0.179688 0.241211
4 0.263672 0.846680 0.119141 0.091797
4 0.481445 0.537109 0.207031 0.185547
2 0.427246 0.191895 0.065430 0.051758
2 0.117676 0.108398 0.069336 0.062500
2 0.289062 0.870605 0.123047 0.104492
1 0.726074 0.778320 0.061523 0.066406
1 0.248535 0.958008 0.041992 0.072266
1 0.823242 0.125977 0.083984 0.091797
3 0.283203 0.170898 0.078125 0.050781
3 0.728516 0.125000 0.064453 0.087891