0 0.801270 0.872559 0.198242 0.221680
0 0.190918 0.359375 0.219727 0.175781
0 0.601074 0.826660 0.208008 0.161133
0 0.791992 0.447754 0.205078 0.172852
0 0.258789 0.836426 0.212891 0.153320
0 0.555176 0.163086 0.208008 0.251953
0 0.731445 0.293945 0.171875 0.244141
0 0.456543 0.192383 0.254883 0.197266
0 0.640625 0.186035 0.228516 0.186523
0 0.717773 0.876953 0.187500 0.136719
0 0.280273 0.299316 0.238281 0.200195
0 0.350586 0.544922 0.257812 0.189453
0 0.329102 0.247559 0.228516 0.196289
0 0.153320 0.622559 0.136719 0.198242
4 0.827148 0.721680 0.097656 0.074219
2 0.443359 0.848633 0.091797 0.068359
2 0.855957 0.411621 0.114258 0.088867
1 0.843262 0.128906 0.084961 0.093750
1 0.619141 0.743652 0.033203 0.053711
1 0.121094 0.721191 0.093750 0.100586
1 0.094238 0.272949 0.055664 0.075195