0 0.121094 0.481934 0.232422 0.190430
0 0.809082 0.461426 0.231445 0.186523
0 0.652832 0.336914 0.192383 0.148438
0 0.792969 0.585938 0.259766 0.222656
0 0.419922 0.513184 0.199219 0.237305
4 0.866699 0.173340 0.188477 0.198242
2 0.339355 0.866211 0.073242 0.060547
2 0.646973 0.703125 0.096680 0.085938
2 0.911621 0.324219 0.075195 0.072266
1 0.437012 0.307617 0.051758 0.058594
1 0.718750 0.725098 0.064453 0.079102
1 0.677246 0.291992 0.079102 0.091797
1 0.620117 0.513184 0.105469 0.108398
1 0.219727 0.845215 0.062500 0.067383
1 0.520020 0.634277 0.061523 0.079102
1 0.114746 0.322266 0.090820 0.089844
1 0.050781 0.151855 0.082031 0.081055