0 0.356445 0.322266 0.193359 0.240234
0 0.739746 0.424316 0.209961 0.178711
0 0.609375 0.211914 0.203125 0.250000
0 0.410645 0.756836 0.291992 0.212891
0 0.276367 0.218262 0.218750 0.153320
0 0.901855 0.736816 0.172852 0.122070
0 0.443848 0.403809 0.153320 0.157227
0 0.132324 0.279785 0.196289 0.163086
0 0.376953 0.441895 0.261719 0.196289
0 0.256348 0.332520 0.254883 0.211914
0 0.172363 0.213379 0.268555 0.229492
0 0.620117 0.775879 0.255859 0.219727
0 0.266113 0.447266 0.225586 0.203125
0 0.766602 0.250977 0.238281 0.273438
4 0.284668 0.611328 0.112305 0.082031
2 0.149902 0.487305 0.127930 0.119141
2 0.422363 0.634766 0.094727 0.085938
1 0.471191 0.195312 0.073242 0.074219
1 0.590332 0.270508 0.038086 0.054688
1 0.095703 0.205566 0.044922 0.083008
1 0.500488 0.381836 0.081055 0.085938
1 0.658203 0.726074 0.054688 0.083008
1 0.563477 0.727051 0.103516 0.110352
3 0.055664 0.807617 0.064453 0.066406