0 0.725586 0.183594 0.292969 0.216797
0 0.115234 0.573242 0.169922 0.138672
0 0.806152 0.337402 0.186523 0.262695
0 0.224609 0.889160 0.171875 0.145508
0 0.851074 0.463867 0.209961 0.173828
0 0.115723 0.163574 0.206055 0.149414
0 0.871582 0.275391 0.231445 0.191406
0 0.583984 0.792480 0.251953 0.190430
0 0.291504 0.668945 0.178711 0.128906
0 0.216797 0.729004 0.183594 0.143555
0 0.486328 0.190918 0.179688 0.211914
0 0.300781 0.687012 0.226562 0.260742
4 0.659668 0.918457 0.139648 0.112305
4 0.720215 0.080078 0.157227 0.126953
4 0.606934 0.078125 0.092773 0.125000
2 0.835449 0.598145 0.061523 0.049805
2 0.853027 0.677734 0.092773 0.072266
1 0.519531 0.823730 0.054688 0.071289
1 0.592285 0.581055 0.086914 0.089844
1 0.875488 0.264648 0.040039 0.072266
1 0.324707 0.562500 0.051758 0.089844
1 0.265625 0.187012 0.044922 0.057617
1 0.623535 0.738281 0.053711 0.095703