0 0.646973 0.516602 0.217773 0.285156
0 0.750977 0.889648 0.207031 0.144531
0 0.813965 0.309082 0.143555 0.172852
0 0.241699 0.848633 0.243164 0.208984
0 0.201660 0.401855 0.249023 0.192383
0 0.479980 0.721680 0.178711 0.130859
0 0.618164 0.096191 0.189453 0.124023
0 0.737305 0.530762 0.267578 0.174805
0 0.470703 0.525391 0.234375 0.189453
0 0.195312 0.463867 0.193359 0.171875
0 0.173340 0.755371 0.274414 0.180664
0 0.344238 0.107422 0.237305 0.179688
0 0.836914 0.585449 0.187500 0.235352
4 0.366699 0.832031 0.147461 0.123047
2 0.898926 0.328125 0.083008 0.093750
2 0.752930 0.096191 0.058594 0.051758
1 0.568848 0.067871 0.073242 0.073242
1 0.429688 0.041992 0.042969 0.072266
1 0.829102 0.825684 0.050781 0.053711
3 0.245605 0.324707 0.069336 0.071289
3 0.657227 0.120117 0.048828 0.033203
3 0.359863 0.501953 0.096680 0.103516