0 0.629883 0.475586 0.146484 0.216797
0 0.448242 0.170410 0.216797 0.163086
0 0.317383 0.201660 0.251953 0.215820
0 0.729980 0.137207 0.200195 0.151367
0 0.682617 0.864746 0.230469 0.163086
2 0.100098 0.489258 0.120117 0.115234
2 0.504395 0.812988 0.065430 0.077148
2 0.626465 0.318359 0.125977 0.117188
1 0.947754 0.625977 0.077148 0.083984
1 0.030762 0.195312 0.059570 0.058594
1 0.786133 0.599121 0.039062 0.077148
1 0.068848 0.950195 0.049805 0.054688
1 0.080566 0.081055 0.090820 0.091797
1 0.161133 0.589844 0.080078 0.089844
1 0.932617 0.092285 0.103516 0.102539
1 0.734375 0.429199 0.050781 0.065430
3 0.923340 0.199707 0.086914 0.088867
3 0.137695 0.742676 0.089844 0.092773
3 0.084473 0.439941 0.063477 0.065430
3 0.659668 0.300293 0.045898 0.061523