0 0.504883 0.184570 0.208984 0.181641
0 0.197266 0.112305 0.234375 0.166016
0 0.251953 0.704102 0.214844 0.152344
0 0.748047 0.191406 0.238281 0.197266
0 0.190918 0.282227 0.221680 0.189453
0 0.590820 0.738770 0.285156 0.250977
0 0.891113 0.136719 0.159180 0.152344
0 0.284180 0.503906 0.259766 0.296875
0 0.840332 0.190918 0.157227 0.137695
0 0.353516 0.154785 0.257812 0.204102
0 0.435547 0.429688 0.259766 0.164062
4 0.301270 0.216309 0.149414 0.104492
4 0.916504 0.278809 0.122070 0.096680
4 0.748047 0.324219 0.134766 0.113281
2 0.129395 0.231934 0.110352 0.088867
2 0.513184 0.429688 0.104492 0.097656
2 0.317871 0.861328 0.075195 0.074219
2 0.632812 0.210938 0.082031 0.070312