0 0.561035 0.740723 0.268555 0.200195
0 0.185059 0.327637 0.221680 0.157227
0 0.673828 0.247559 0.191406 0.247070
0 0.708008 0.693359 0.175781 0.148438
0 0.725098 0.874512 0.147461 0.241211
0 0.783691 0.451660 0.182617 0.241211
0 0.462891 0.108398 0.210938 0.158203
4 0.314941 0.246094 0.139648 0.136719
2 0.204102 0.964355 0.066406 0.047852
2 0.662598 0.276855 0.053711 0.065430
2 0.169922 0.902344 0.087891 0.103516
2 0.527344 0.540039 0.058594 0.042969
1 0.620605 0.689453 0.075195 0.080078
1 0.411133 0.290527 0.074219 0.073242
1 0.450684 0.478516 0.049805 0.056641
1 0.334473 0.884766 0.081055 0.085938
3 0.355957 0.276367 0.053711 0.052734
3 0.940918 0.292969 0.057617 0.064453
3 0.182617 0.890137 0.068359 0.049805
3 0.360840 0.820312 0.041992 0.058594
3 0.170898 0.328125 0.085938 0.046875
3 0.583984 0.346191 0.093750 0.094727