0 0.411133 0.811523 0.208984 0.171875
0 0.639648 0.628418 0.187500 0.157227
0 0.192383 0.242676 0.189453 0.284180
0 0.146973 0.280273 0.178711 0.156250
0 0.753418 0.855957 0.247070 0.198242
0 0.297852 0.662109 0.263672 0.208984
0 0.568359 0.855957 0.156250 0.163086
0 0.462402 0.858887 0.192383 0.149414
0 0.565430 0.780273 0.246094 0.197266
0 0.383301 0.292969 0.204102 0.164062
0 0.493652 0.828125 0.211914 0.259766
0 0.690918 0.455078 0.278320 0.236328
4 0.355957 0.485352 0.127930 0.101562
4 0.357910 0.264648 0.102539 0.074219
2 0.235352 0.391113 0.126953 0.118164
2 0.092285 0.491699 0.094727 0.086914
2 0.868164 0.744141 0.068359 0.076172
2 0.556152 0.872559 0.104492 0.075195
1 0.256836 0.200684 0.046875 0.049805
1 0.811035 0.183594 0.079102 0.078125
1 0.722656 0.700195 0.082031 0.089844
1 0.459473 0.887695 0.047852 0.076172
1 0.884766 0.177246 0.095703 0.094727
1 0.396973 0.680176 0.053711 0.059570
3 0.134766 0.324219 0.042969 0.072266
3 0.050293 0.253418 0.084961 0.092773
3 0.915039 0.291504 0.050781 0.051758