0 0.511230 0.381836 0.264648 0.214844
0 0.648438 0.381836 0.208984 0.179688
0 0.466309 0.279297 0.221680 0.253906
0 0.115234 0.854492 0.162109 0.238281
0 0.385742 0.342773 0.154297 0.189453
0 0.625977 0.445801 0.240234 0.159180
0 0.134277 0.286133 0.206055 0.197266
2 0.674316 0.311035 0.114258 0.092773
2 0.679688 0.449219 0.105469 0.121094
2 0.453125 0.152832 0.083984 0.063477
2 0.538574 0.186035 0.118164 0.108398
1 0.307617 0.922363 0.085938 0.092773
1 0.025391 0.450195 0.046875 0.056641
3 0.077148 0.046875 0.046875 0.048828
3 0.170410 0.973145 0.051758 0.053711