0 0.188477 0.857422 0.263672 0.228516
0 0.537109 0.698242 0.205078 0.238281
0 0.203613 0.752930 0.221680 0.263672
0 0.790527 0.078613 0.192383 0.139648
0 0.413086 0.654785 0.296875 0.266602
0 0.720703 0.616699 0.273438 0.231445
0 0.471191 0.335449 0.243164 0.208008
0 0.314941 0.734863 0.161133 0.206055
0 0.879883 0.524414 0.224609 0.162109
4 0.791016 0.295410 0.185547 0.180664
2 0.877930 0.706055 0.097656 0.089844
2 0.563965 0.135742 0.106445 0.087891
2 0.189453 0.049805 0.095703 0.070312
2 0.065430 0.221680 0.072266 0.087891
1 0.194824 0.528320 0.110352 0.109375
3 0.355469 0.160645 0.060547 0.083008
3 0.806641 0.496094 0.089844 0.091797
3 0.946777 0.956055 0.059570 0.031250