0 0.586426 0.455566 0.317383 0.260742
0 0.237793 0.283691 0.184570 0.153320
0 0.486816 0.386230 0.235352 0.278320
0 0.834961 0.598145 0.216797 0.163086
0 0.249512 0.821777 0.184570 0.254883
0 0.510254 0.330078 0.194336 0.146484
0 0.744141 0.401855 0.183594 0.223633
0 0.352051 0.145020 0.196289 0.163086
0 0.652832 0.589355 0.184570 0.131836
0 0.873047 0.394043 0.238281 0.198242
0 0.474609 0.215820 0.246094 0.210938
0 0.188477 0.897461 0.263672 0.203125
0 0.850586 0.102051 0.156250 0.106445
0 0.167969 0.732422 0.226562 0.169922
4 0.287598 0.529297 0.213867 0.177734
4 0.167969 0.332031 0.150391 0.150391
4 0.490723 0.063477 0.196289 0.125000
2 0.083496 0.693359 0.108398 0.093750
2 0.078125 0.374512 0.097656 0.077148
1 0.909180 0.726074 0.078125 0.083008
1 0.668945 0.393066 0.042969 0.063477
1 0.503906 0.957031 0.050781 0.058594
1 0.897461 0.103027 0.101562 0.100586
1 0.664551 0.542969 0.069336 0.089844
1 0.276855 0.654297 0.088867 0.087891
1 0.302734 0.529785 0.033203 0.059570
1 0.366211 0.260742 0.072266 0.076172
3 0.547363 0.400391 0.045898 0.023438
3 0.293457 0.087402 0.040039 0.069336
3 0.544922 0.762695 0.052734 0.085938
3 0.618164 0.790527 0.039062 0.057617