0 0.434570 0.226074 0.205078 0.268555
0 0.872070 0.611816 0.207031 0.165039
0 0.109863 0.764648 0.186523 0.251953
0 0.485840 0.697266 0.243164 0.187500
0 0.382812 0.318848 0.292969 0.247070
0 0.198730 0.402832 0.172852 0.221680
0 0.274414 0.447266 0.154297 0.191406
4 0.839355 0.825195 0.100586 0.082031
4 0.248047 0.317383 0.117188 0.097656
4 0.814941 0.901855 0.137695 0.114258
1 0.812988 0.678711 0.084961 0.093750
1 0.125000 0.310547 0.062500 0.070312
1 0.958496 0.118164 0.071289 0.099609
3 0.776855 0.209473 0.059570 0.061523
3 0.430664 0.557617 0.052734 0.068359
3 0.241699 0.718262 0.067383 0.069336
3 0.395996 0.807129 0.061523 0.036133
3 0.965332 0.265625 0.051758 0.052734