0 0.254883 0.298340 0.250000 0.176758
0 0.613281 0.367676 0.169922 0.219727
0 0.539062 0.178223 0.265625 0.221680
0 0.568359 0.421387 0.146484 0.190430
0 0.185059 0.566895 0.229492 0.165039
0 0.250977 0.725098 0.191406 0.151367
0 0.560059 0.491211 0.198242 0.144531
0 0.725098 0.203125 0.194336 0.179688
0 0.278809 0.194824 0.186523 0.198242
0 0.563477 0.253418 0.212891 0.170898
0 0.315430 0.130371 0.218750 0.196289
0 0.124512 0.468750 0.190430 0.142578
0 0.396484 0.797363 0.199219 0.254883
0 0.447754 0.109375 0.235352 0.199219
1 0.331543 0.576172 0.075195 0.078125
1 0.506348 0.631348 0.043945 0.053711
1 0.611816 0.107422 0.061523 0.060547
1 0.359375 0.822266 0.058594 0.064453
1 0.869141 0.551270 0.058594 0.061523
1 0.234863 0.769043 0.069336 0.073242
1 0.419434 0.682617 0.075195 0.078125
3 0.397949 0.047363 0.067383 0.069336
3 0.268066 0.499512 0.092773 0.094727
3 0.602539 0.187012 0.048828 0.024414