0 0.222656 0.317383 0.207031 0.171875
0 0.484375 0.712891 0.177734 0.126953
0 0.290527 0.588867 0.250977 0.291016
0 0.849609 0.292969 0.228516 0.179688
0 0.755859 0.901855 0.191406 0.163086
0 0.813965 0.623535 0.149414 0.209961
0 0.240234 0.882812 0.216797 0.195312
0 0.287598 0.143555 0.196289 0.154297
0 0.640625 0.451172 0.220703 0.175781
0 0.563965 0.304688 0.198242 0.251953
4 0.283691 0.367676 0.163086 0.147461
2 0.781738 0.315430 0.104492 0.089844
2 0.099609 0.575684 0.076172 0.092773
2 0.255859 0.589355 0.111328 0.083008
2 0.300781 0.664062 0.119141 0.105469
1 0.328613 0.036133 0.073242 0.072266
1 0.963379 0.837891 0.028320 0.054688
1 0.213867 0.594727 0.082031 0.091797
1 0.394043 0.455078 0.077148 0.080078
3 0.353516 0.749512 0.064453 0.088867
3 0.768066 0.241699 0.059570 0.034180