0 0.150391 0.413086 0.205078 0.236328
0 0.141602 0.724609 0.212891 0.289062
0 0.262207 0.494141 0.174805 0.142578
0 0.276367 0.374023 0.160156 0.234375
0 0.498047 0.307617 0.183594 0.138672
0 0.695801 0.362305 0.221680 0.283203
0 0.727539 0.176758 0.263672 0.191406
0 0.210938 0.193359 0.187500 0.140625
0 0.749512 0.626465 0.282227 0.313477
0 0.521973 0.150879 0.223633 0.190430
4 0.637695 0.104004 0.154297 0.176758
4 0.376465 0.593262 0.133789 0.112305
1 0.604980 0.949219 0.081055 0.085938
1 0.731934 0.037109 0.032227 0.054688
1 0.366211 0.612305 0.033203 0.054688
3 0.320312 0.813477 0.087891 0.087891