0 0.544922 0.177734 0.197266 0.171875
0 0.897461 0.411621 0.144531 0.206055
0 0.251465 0.819336 0.157227 0.169922
0 0.820801 0.430664 0.157227 0.197266
0 0.660645 0.593262 0.305664 0.266602
0 0.295898 0.438965 0.318359 0.266602
0 0.844727 0.621094 0.218750 0.189453
0 0.546875 0.499023 0.306641 0.259766
4 0.212891 0.570801 0.162109 0.120117
4 0.323242 0.329102 0.132812 0.103516
2 0.520020 0.785645 0.104492 0.088867
2 0.756348 0.212891 0.108398 0.103516
2 0.840332 0.261230 0.114258 0.090820
2 0.670898 0.311523 0.064453 0.050781
1 0.815918 0.802246 0.045898 0.053711
1 0.893555 0.100098 0.089844 0.094727
1 0.384766 0.255371 0.035156 0.059570
1 0.562500 0.368164 0.054688 0.060547
1 0.225098 0.377930 0.063477 0.066406
3 0.813965 0.377441 0.092773 0.094727
3 0.608887 0.428711 0.065430 0.042969
3 0.251953 0.304688 0.048828 0.054688
3 0.420410 0.210449 0.084961 0.059570
3 0.401367 0.524902 0.044922 0.051758