0 0.772461 0.112793 0.253906 0.194336
0 0.176758 0.767090 0.197266 0.157227
0 0.252441 0.709961 0.190430 0.226562
0 0.486816 0.365234 0.155273 0.216797
0 0.635742 0.115723 0.212891 0.208008
0 0.633301 0.675293 0.250977 0.163086
0 0.362793 0.441406 0.143555 0.199219
0 0.336426 0.210938 0.258789 0.160156
0 0.464844 0.115234 0.238281 0.187500
0 0.695312 0.452148 0.162109 0.132812
0 0.891113 0.238281 0.165039 0.136719
0 0.794922 0.252441 0.179688 0.141602
4 0.108887 0.052734 0.108398 0.078125
2 0.697266 0.160645 0.074219 0.057617
1 0.183105 0.429688 0.063477 0.062500
1 0.102539 0.362793 0.044922 0.049805
1 0.434082 0.610352 0.098633 0.101562
1 0.182617 0.782715 0.062500 0.063477
1 0.742676 0.933594 0.061523 0.089844
1 0.377930 0.925293 0.093750 0.092773
1 0.685059 0.121582 0.071289 0.071289
1 0.373535 0.624023 0.075195 0.074219
3 0.788086 0.707520 0.052734 0.061523
3 0.917969 0.076660 0.085938 0.088867
3 0.648438 0.797363 0.066406 0.071289