0 0.472168 0.518066 0.254883 0.215820
0 0.498535 0.139160 0.125977 0.157227
0 0.397949 0.445801 0.268555 0.211914
0 0.445312 0.598633 0.292969 0.244141
0 0.594727 0.379395 0.175781 0.243164
0 0.729980 0.275879 0.153320 0.141602
1 0.399414 0.165527 0.083984 0.084961
1 0.337402 0.252930 0.100586 0.103516
1 0.435547 0.849609 0.070312 0.072266
1 0.462891 0.574219 0.050781 0.074219
3 0.819336 0.425293 0.068359 0.086914
3 0.786133 0.803711 0.066406 0.078125
3 0.470703 0.437988 0.054688 0.055664
3 0.566406 0.420410 0.044922 0.047852
3 0.122559 0.642090 0.059570 0.041992
3 0.556641 0.810059 0.064453 0.067383