0 0.631348 0.589355 0.200195 0.245117
0 0.101074 0.384277 0.172852 0.133789
0 0.484863 0.581055 0.180664 0.136719
0 0.096680 0.893555 0.175781 0.128906
0 0.760742 0.924316 0.179688 0.139648
0 0.663086 0.701172 0.203125 0.238281
0 0.426758 0.630371 0.257812 0.239258
0 0.452148 0.308594 0.267578 0.201172
0 0.265137 0.648926 0.235352 0.180664
0 0.503418 0.701660 0.278320 0.239258
0 0.360840 0.386230 0.209961 0.258789
0 0.178711 0.793457 0.250000 0.192383
4 0.515625 0.671387 0.173828 0.137695
2 0.417969 0.097168 0.070312 0.067383
2 0.935547 0.786621 0.097656 0.077148
2 0.073242 0.654297 0.095703 0.091797
1 0.161621 0.965820 0.051758 0.060547
1 0.512207 0.434570 0.088867 0.089844
1 0.394043 0.833984 0.098633 0.097656
1 0.680176 0.342285 0.063477 0.071289
1 0.785156 0.106445 0.072266 0.076172
1 0.769531 0.943848 0.082031 0.081055
1 0.835449 0.496094 0.051758 0.058594
3 0.497559 0.165527 0.061523 0.063477
3 0.876953 0.515625 0.062500 0.064453
3 0.069824 0.851562 0.065430 0.044922
3 0.471680 0.762695 0.037109 0.060547