0 0.265625 0.770996 0.259766 0.215820
0 0.219238 0.559082 0.241211 0.274414
0 0.288086 0.240723 0.154297 0.204102
0 0.607910 0.270020 0.178711 0.129883
0 0.349121 0.620117 0.206055 0.160156
0 0.757324 0.604980 0.215820 0.196289
0 0.461914 0.347168 0.216797 0.256836
0 0.181152 0.163574 0.176758 0.120117
0 0.150391 0.405273 0.273438 0.238281
0 0.354980 0.493652 0.272461 0.219727
0 0.875977 0.801270 0.152344 0.108398
0 0.369629 0.077637 0.178711 0.137695
4 0.883789 0.358398 0.197266 0.173828
4 0.638184 0.194336 0.067383 0.105469
2 0.701172 0.920898 0.068359 0.058594
2 0.285156 0.145996 0.089844 0.075195
2 0.920898 0.823242 0.128906 0.115234
1 0.143555 0.619141 0.044922 0.072266
1 0.455566 0.322266 0.073242 0.080078
1 0.108887 0.916016 0.084961 0.099609
3 0.852051 0.731445 0.071289 0.042969
3 0.575195 0.623535 0.091797 0.096680
3 0.838867 0.627441 0.087891 0.096680
3 0.701660 0.675781 0.071289 0.076172
3 0.178223 0.381836 0.061523 0.062500
3 0.844238 0.477051 0.075195 0.040039