0 0.233887 0.758301 0.239258 0.208008
0 0.480469 0.778320 0.218750 0.195312
0 0.382324 0.219727 0.184570 0.140625
0 0.621094 0.822266 0.166016 0.179688
0 0.203125 0.470703 0.253906 0.218750
0 0.558594 0.101074 0.210938 0.172852
0 0.485352 0.554199 0.195312 0.264648
0 0.621094 0.214355 0.224609 0.262695
0 0.836914 0.827148 0.205078 0.193359
4 0.103516 0.937012 0.128906 0.092773
4 0.877441 0.304688 0.168945 0.166016
4 0.278320 0.739746 0.117188 0.133789
2 0.476562 0.107422 0.085938 0.082031
2 0.386230 0.513184 0.075195 0.059570
1 0.320312 0.124512 0.050781 0.057617
1 0.164062 0.398926 0.101562 0.104492
1 0.441895 0.109375 0.067383 0.097656
1 0.247070 0.371094 0.056641 0.064453
1 0.630859 0.635742 0.035156 0.050781
1 0.591797 0.109375 0.078125 0.093750
1 0.828125 0.202637 0.054688 0.083008
1 0.433105 0.832031 0.071289 0.082031