0 0.881836 0.584961 0.185547 0.148438
0 0.353516 0.142090 0.136719 0.116211
0 0.555176 0.300781 0.237305 0.175781
0 0.086426 0.832031 0.165039 0.121094
0 0.896973 0.310547 0.200195 0.279297
0 0.393066 0.742188 0.233398 0.203125
0 0.358887 0.636230 0.213867 0.153320
0 0.514648 0.393555 0.173828 0.132812
0 0.360840 0.807617 0.280273 0.226562
0 0.645020 0.709473 0.237305 0.221680
0 0.840332 0.713867 0.258789 0.203125
0 0.601562 0.137695 0.123047 0.179688
0 0.506348 0.448242 0.258789 0.275391
0 0.284668 0.772949 0.186523 0.165039
2 0.189453 0.843262 0.103516 0.086914
2 0.190430 0.148438 0.068359 0.083984
2 0.621094 0.322754 0.076172 0.083008
3 0.397949 0.530762 0.075195 0.047852
3 0.917480 0.108398 0.047852 0.048828