0 0.738770 0.494141 0.172852 0.117188
0 0.574219 0.132812 0.212891 0.156250
0 0.834473 0.407715 0.204102 0.143555
0 0.345215 0.122070 0.260742 0.224609
0 0.508789 0.891113 0.171875 0.161133
0 0.614746 0.809570 0.295898 0.257812
0 0.616211 0.219727 0.214844 0.156250
0 0.795410 0.663086 0.247070 0.171875
0 0.194336 0.338867 0.201172 0.152344
0 0.573242 0.471191 0.183594 0.229492
0 0.917480 0.425293 0.153320 0.192383
0 0.283691 0.607910 0.225586 0.163086
0 0.263184 0.712891 0.196289 0.232422
0 0.495117 0.456543 0.146484 0.184570
4 0.124512 0.708984 0.118164 0.089844
2 0.893555 0.477051 0.087891 0.065430
2 0.700684 0.915527 0.081055 0.069336
2 0.726562 0.941406 0.099609 0.091797
2 0.101562 0.216797 0.097656 0.091797
1 0.576172 0.738770 0.039062 0.055664