0 0.555176 0.641113 0.182617 0.143555
0 0.125000 0.626465 0.166016 0.124023
0 0.484863 0.823242 0.272461 0.240234
0 0.277344 0.513184 0.294922 0.250977
0 0.530273 0.685547 0.236328 0.164062
0 0.833496 0.862793 0.211914 0.254883
4 0.236816 0.708008 0.065430 0.103516
4 0.434570 0.719238 0.152344 0.081055
4 0.925293 0.938477 0.124023 0.093750
2 0.584473 0.419922 0.081055 0.056641
2 0.636719 0.956055 0.099609 0.072266
2 0.708008 0.184082 0.103516 0.114258
2 0.073730 0.199219 0.108398 0.085938
1 0.108887 0.566406 0.083008 0.082031
3 0.700684 0.947266 0.069336 0.082031
3 0.514160 0.695801 0.047852 0.055664