0 0.115234 0.499512 0.167969 0.143555
0 0.673340 0.422363 0.145508 0.194336
0 0.380371 0.316406 0.165039 0.117188
0 0.219727 0.810547 0.279297 0.218750
0 0.258301 0.541992 0.323242 0.277344
0 0.475098 0.332031 0.264648 0.208984
0 0.549316 0.388184 0.211914 0.157227
0 0.177734 0.675293 0.296875 0.231445
0 0.149902 0.849609 0.227539 0.183594
0 0.556152 0.525879 0.243164 0.178711
0 0.749023 0.762207 0.253906 0.200195
4 0.169434 0.293945 0.118164 0.097656
4 0.854004 0.552734 0.125977 0.082031
4 0.237305 0.386719 0.201172 0.160156
2 0.840820 0.588867 0.113281 0.095703
2 0.575195 0.244629 0.082031 0.090820
2 0.051758 0.482422 0.062500 0.052734
1 0.431641 0.272949 0.083984 0.104492
3 0.690430 0.842773 0.062500 0.064453
3 0.594238 0.573242 0.047852 0.048828
3 0.135742 0.219238 0.087891 0.090820