0 0.508301 0.797852 0.118164 0.152344
0 0.540039 0.369141 0.222656 0.283203
0 0.122559 0.585938 0.165039 0.134766
0 0.344238 0.468262 0.250977 0.208008
0 0.339355 0.238281 0.262695 0.207031
0 0.442871 0.643066 0.157227 0.122070
0 0.663086 0.668457 0.292969 0.245117
0 0.849609 0.306152 0.156250 0.192383
0 0.376465 0.250000 0.149414 0.117188
0 0.517090 0.269531 0.249023 0.193359
0 0.600098 0.419434 0.213867 0.163086
4 0.130859 0.729492 0.144531 0.138672
1 0.346191 0.776367 0.077148 0.080078
1 0.506836 0.196289 0.068359 0.072266
1 0.452637 0.448242 0.065430 0.064453
1 0.712402 0.569824 0.096680 0.110352
1 0.229492 0.708496 0.072266 0.071289