0 0.758789 0.601074 0.199219 0.170898
0 0.391113 0.546387 0.213867 0.276367
0 0.653809 0.135254 0.192383 0.159180
0 0.485840 0.680664 0.274414 0.199219
0 0.642578 0.283203 0.224609 0.154297
0 0.238770 0.604980 0.145508 0.196289
0 0.369141 0.212402 0.156250 0.125977
0 0.426270 0.202637 0.299805 0.272461
0 0.699707 0.188477 0.204102 0.175781
0 0.322754 0.741211 0.237305 0.154297
0 0.569824 0.508301 0.186523 0.141602
0 0.555176 0.782715 0.313477 0.264648
4 0.872559 0.549316 0.141602 0.194336
4 0.567383 0.776367 0.130859 0.101562
4 0.753906 0.868652 0.111328 0.083008
1 0.713867 0.770996 0.082031 0.083008
1 0.599121 0.584473 0.047852 0.053711
1 0.921387 0.917969 0.065430 0.080078
1 0.439453 0.741699 0.103516 0.108398
3 0.737793 0.468262 0.073242 0.079102