0 0.701172 0.544434 0.160156 0.124023
0 0.658203 0.510742 0.167969 0.208984
0 0.534180 0.572754 0.271484 0.249023
0 0.693359 0.131836 0.261719 0.240234
0 0.356934 0.840332 0.155273 0.194336
4 0.636719 0.355469 0.099609 0.171875
1 0.036133 0.231934 0.027344 0.047852
1 0.624512 0.854492 0.043945 0.074219
1 0.416016 0.078613 0.068359 0.084961
1 0.459961 0.570312 0.060547 0.060547
3 0.546875 0.717285 0.066406 0.086914
3 0.776855 0.266113 0.055664 0.071289
3 0.455078 0.325195 0.037109 0.050781
3 0.268555 0.302734 0.078125 0.048828
3 0.302734 0.461914 0.058594 0.060547