0 0.524414 0.604492 0.246094 0.201172
0 0.548828 0.675781 0.187500 0.177734
0 0.136719 0.238770 0.152344 0.176758
0 0.512207 0.535156 0.161133 0.203125
0 0.221680 0.710449 0.244141 0.280273
0 0.104492 0.404297 0.185547 0.156250
4 0.557617 0.389160 0.128906 0.108398
1 0.296875 0.779297 0.087891 0.093750
1 0.251465 0.060059 0.049805 0.065430
1 0.722656 0.839355 0.085938 0.084961
1 0.056152 0.066406 0.096680 0.099609
1 0.277832 0.594727 0.100586 0.105469
3 0.689453 0.830566 0.046875 0.049805
3 0.528809 0.777344 0.067383 0.070312
3 0.486816 0.936523 0.081055 0.085938
3 0.110352 0.478516 0.054688 0.029297