0 0.127930 0.096191 0.177734 0.131836
0 0.554199 0.388184 0.213867 0.166992
0 0.354980 0.660645 0.202148 0.145508
0 0.725098 0.911133 0.202148 0.158203
0 0.123047 0.349609 0.162109 0.193359
0 0.885742 0.330078 0.199219 0.156250
0 0.200195 0.721191 0.240234 0.272461
4 0.063965 0.617188 0.110352 0.080078
2 0.591309 0.794922 0.088867 0.070312
2 0.175781 0.918945 0.097656 0.068359
2 0.786133 0.714355 0.058594 0.041992
1 0.840820 0.164551 0.097656 0.098633
1 0.426270 0.725586 0.055664 0.058594
1 0.717285 0.145020 0.079102 0.094727
1 0.325684 0.186035 0.094727 0.108398
1 0.408203 0.117188 0.056641 0.062500