0 0.690918 0.585449 0.174805 0.231445
0 0.354492 0.345215 0.179688 0.141602
0 0.180176 0.721191 0.213867 0.168945
0 0.479980 0.232910 0.157227 0.206055
0 0.751465 0.412598 0.176758 0.168945
0 0.699707 0.093750 0.190430 0.152344
0 0.515625 0.775879 0.310547 0.266602
0 0.156250 0.310059 0.226562 0.278320
0 0.498535 0.672852 0.231445 0.150391
0 0.540039 0.402832 0.191406 0.157227
0 0.663086 0.831543 0.177734 0.231445
0 0.213867 0.416016 0.218750 0.285156
0 0.745605 0.521973 0.208008 0.254883
2 0.184570 0.268555 0.066406 0.054688
2 0.479004 0.888672 0.122070 0.103516
1 0.247070 0.818848 0.087891 0.086914
1 0.093262 0.616211 0.063477 0.082031
1 0.864746 0.896973 0.036133 0.055664