0 0.635254 0.331543 0.149414 0.204102
0 0.140625 0.409668 0.187500 0.157227
0 0.695801 0.687500 0.202148 0.154297
0 0.560059 0.485352 0.229492 0.183594
0 0.337891 0.294922 0.175781 0.234375
0 0.322754 0.430176 0.206055 0.170898
0 0.305176 0.123047 0.188477 0.136719
0 0.669922 0.454590 0.238281 0.221680
0 0.452637 0.488281 0.223633 0.185547
0 0.875977 0.520996 0.208984 0.180664
0 0.886230 0.125488 0.225586 0.163086
0 0.704590 0.312500 0.227539 0.181641
0 0.568848 0.234375 0.229492 0.193359
0 0.470215 0.637695 0.202148 0.253906
2 0.755859 0.400879 0.064453 0.061523
1 0.342773 0.242676 0.078125 0.106445
1 0.210938 0.151367 0.050781 0.052734
1 0.222168 0.858398 0.075195 0.076172
1 0.499023 0.219238 0.103516 0.104492
1 0.660156 0.584961 0.044922 0.066406
1 0.403809 0.632812 0.110352 0.111328
1 0.611328 0.287598 0.068359 0.075195
3 0.431152 0.584961 0.075195 0.042969
3 0.312988 0.607422 0.051758 0.054688
3 0.833496 0.770996 0.069336 0.075195