0 0.642090 0.139648 0.245117 0.253906
0 0.726074 0.861328 0.192383 0.140625
0 0.791016 0.501465 0.216797 0.194336
0 0.567383 0.784180 0.253906 0.195312
0 0.472656 0.606934 0.296875 0.247070
0 0.688965 0.427246 0.194336 0.157227
0 0.347168 0.588379 0.194336 0.165039
0 0.218750 0.405273 0.195312 0.144531
0 0.833984 0.233398 0.154297 0.197266
0 0.336426 0.318848 0.182617 0.264648
0 0.072266 0.693359 0.130859 0.158203
0 0.686523 0.597168 0.228516 0.176758
0 0.722656 0.202637 0.210938 0.254883
0 0.147461 0.126465 0.263672 0.223633
2 0.884277 0.410645 0.073242 0.079102
2 0.597656 0.497559 0.070312 0.063477
2 0.685059 0.823730 0.075195 0.088867
2 0.203613 0.732910 0.073242 0.065430
1 0.538086 0.354980 0.078125 0.083008
3 0.857910 0.839844 0.086914 0.058594
3 0.789551 0.569336 0.051758 0.035156
3 0.649414 0.896484 0.056641 0.035156