0 0.401367 0.332520 0.199219 0.118164
0 0.513672 0.855957 0.234375 0.170898
0 0.282227 0.517090 0.283203 0.229492
0 0.572754 0.628418 0.180664 0.229492
0 0.747070 0.375977 0.142578 0.210938
4 0.510742 0.131348 0.082031 0.129883
4 0.604980 0.601562 0.088867 0.121094
4 0.258789 0.152344 0.085938 0.123047
1 0.145996 0.272461 0.057617 0.064453
1 0.202637 0.672852 0.073242 0.080078
1 0.201172 0.053223 0.046875 0.057617
1 0.420410 0.417480 0.077148 0.086914
3 0.958496 0.051270 0.075195 0.077148
3 0.059570 0.891602 0.058594 0.058594
3 0.410645 0.070312 0.083008 0.083984
3 0.342285 0.125977 0.057617 0.058594
3 0.632812 0.768555 0.093750 0.093750
3 0.755859 0.298828 0.054688 0.064453