0 0.598145 0.129395 0.202148 0.256836
0 0.096191 0.473145 0.165039 0.120117
0 0.364258 0.106445 0.224609 0.207031
0 0.526367 0.376953 0.273438 0.214844
0 0.364258 0.316895 0.164062 0.129883
0 0.451660 0.218750 0.190430 0.246094
0 0.520996 0.786133 0.161133 0.136719
0 0.746582 0.831055 0.178711 0.148438
0 0.363281 0.834961 0.259766 0.195312
0 0.781738 0.500977 0.196289 0.162109
0 0.509766 0.255859 0.169922 0.167969
0 0.824219 0.898926 0.173828 0.165039
0 0.418945 0.464355 0.316406 0.264648
4 0.921875 0.858398 0.119141 0.097656
4 0.152832 0.604980 0.135742 0.120117
2 0.660645 0.101562 0.124023 0.105469
2 0.153320 0.272949 0.062500 0.075195
2 0.594238 0.763184 0.084961 0.098633
1 0.057617 0.812012 0.082031 0.081055
1 0.298828 0.885254 0.093750 0.102539
1 0.965332 0.287598 0.069336 0.079102