0 0.533203 0.838379 0.152344 0.153320
0 0.621094 0.500977 0.162109 0.111328
0 0.551758 0.608398 0.232422 0.171875
0 0.227051 0.461426 0.198242 0.165039
0 0.713867 0.528809 0.148438 0.178711
0 0.888672 0.443848 0.220703 0.270508
0 0.399902 0.775391 0.184570 0.208984
0 0.331055 0.405762 0.193359 0.157227
0 0.656738 0.738281 0.229492 0.173828
0 0.530273 0.742188 0.251953 0.164062
0 0.347656 0.149902 0.216797 0.178711
0 0.742188 0.349609 0.244141 0.197266
0 0.427246 0.275391 0.127930 0.207031
0 0.719727 0.893555 0.236328 0.185547
4 0.745117 0.073730 0.083984 0.083008
4 0.476074 0.608398 0.133789 0.089844
1 0.478516 0.947754 0.083984 0.092773
1 0.124512 0.763184 0.061523 0.063477
1 0.168945 0.168457 0.064453 0.063477
1 0.094238 0.291992 0.084961 0.083984
1 0.722168 0.465332 0.084961 0.090820
3 0.483398 0.484375 0.058594 0.062500
3 0.166016 0.267578 0.054688 0.056641
3 0.433594 0.806152 0.062500 0.030273
3 0.560059 0.508301 0.045898 0.047852