0 0.399902 0.583496 0.208008 0.145508
0 0.587402 0.552734 0.180664 0.222656
0 0.170898 0.172852 0.214844 0.255859
0 0.830566 0.627441 0.190430 0.157227
0 0.111328 0.428223 0.220703 0.147461
0 0.272461 0.273926 0.138672 0.120117
0 0.821289 0.326660 0.181641 0.206055
0 0.232422 0.558105 0.210938 0.182617
0 0.290527 0.684082 0.241211 0.145508
4 0.505859 0.647949 0.166016 0.116211
4 0.322754 0.354492 0.161133 0.132812
1 0.637207 0.209961 0.065430 0.087891
1 0.166992 0.500000 0.056641 0.083984
1 0.142090 0.807617 0.077148 0.076172
1 0.583008 0.595215 0.085938 0.088867
1 0.287598 0.066406 0.102539 0.105469
1 0.153320 0.645020 0.103516 0.106445
1 0.588379 0.714844 0.094727 0.101562
1 0.189941 0.451172 0.057617 0.074219
3 0.331055 0.281250 0.056641 0.058594
3 0.948242 0.408203 0.064453 0.068359
3 0.337402 0.956055 0.045898 0.048828
3 0.457031 0.820312 0.035156 0.054688
3 0.474121 0.350098 0.075195 0.047852