0 0.766602 0.512695 0.283203 0.261719
0 0.128906 0.710449 0.189453 0.133789
0 0.515625 0.794922 0.240234 0.201172
0 0.120605 0.594727 0.204102 0.169922
0 0.612793 0.463867 0.204102 0.152344
0 0.319824 0.682129 0.211914 0.178711
0 0.726562 0.332031 0.119141 0.167969
0 0.331055 0.537109 0.281250 0.228516
0 0.669922 0.762695 0.181641 0.136719
0 0.345703 0.128906 0.158203 0.210938
0 0.548340 0.304199 0.284180 0.260742
0 0.472656 0.651367 0.263672 0.222656
0 0.702637 0.785645 0.305664 0.243164
2 0.154785 0.270020 0.098633 0.088867
1 0.933594 0.107910 0.037109 0.073242
1 0.055176 0.327637 0.049805 0.065430
1 0.040527 0.727539 0.061523 0.060547
3 0.710938 0.524414 0.064453 0.066406
3 0.710449 0.602539 0.043945 0.031250
3 0.102539 0.266113 0.041016 0.041992
3 0.576660 0.802246 0.049805 0.051758