0 0.872070 0.834473 0.177734 0.208008
0 0.734863 0.730469 0.188477 0.140625
0 0.542969 0.294922 0.220703 0.193359
0 0.805664 0.108887 0.187500 0.161133
0 0.342285 0.883301 0.174805 0.213867
2 0.168945 0.068359 0.085938 0.066406
2 0.172852 0.750000 0.072266 0.064453
2 0.456055 0.037598 0.074219 0.053711
2 0.545410 0.923828 0.106445 0.080078
1 0.604980 0.745605 0.036133 0.063477
1 0.059570 0.669434 0.093750 0.096680
1 0.190430 0.478027 0.068359 0.067383
1 0.875000 0.535645 0.093750 0.092773
1 0.282715 0.463867 0.084961 0.083984
1 0.419922 0.042480 0.066406 0.075195
1 0.624023 0.199219 0.039062 0.058594
1 0.374023 0.794922 0.046875 0.050781
3 0.813965 0.313477 0.047852 0.056641
3 0.736328 0.115234 0.046875 0.052734
3 0.188477 0.631836 0.056641 0.033203
3 0.443848 0.875977 0.038086 0.066406
3 0.436523 0.238281 0.044922 0.046875
3 0.802734 0.571289 0.082031 0.089844