0 0.591309 0.171387 0.260742 0.198242
0 0.584473 0.712402 0.252930 0.192383
0 0.812012 0.775391 0.280273 0.263672
0 0.664551 0.429688 0.258789 0.210938
0 0.888184 0.547852 0.190430 0.226562
0 0.792969 0.419922 0.195312 0.150391
0 0.393066 0.883301 0.243164 0.204102
0 0.833008 0.358887 0.214844 0.172852
0 0.859375 0.132324 0.199219 0.159180
4 0.656250 0.447266 0.117188 0.091797
1 0.033691 0.905273 0.057617 0.074219
1 0.033203 0.944824 0.033203 0.049805
1 0.167969 0.453613 0.089844 0.092773
3 0.883301 0.792969 0.073242 0.076172
3 0.107422 0.557617 0.064453 0.091797
3 0.617676 0.496094 0.061523 0.072266
3 0.255859 0.451172 0.052734 0.058594
3 0.907227 0.132812 0.035156 0.054688
3 0.058105 0.380371 0.081055 0.057617