0 0.597168 0.285156 0.229492 0.232422
0 0.545410 0.140625 0.155273 0.207031
0 0.216797 0.717285 0.228516 0.270508
0 0.150879 0.548340 0.190430 0.159180
0 0.811035 0.305664 0.184570 0.205078
0 0.827637 0.825684 0.153320 0.186523
0 0.418457 0.770020 0.264648 0.194336
0 0.288574 0.483887 0.219727 0.174805
0 0.576660 0.403320 0.231445 0.291016
0 0.843750 0.501465 0.154297 0.188477
4 0.879883 0.281250 0.140625 0.105469
2 0.162598 0.668457 0.079102 0.073242
2 0.509277 0.256836 0.090820 0.076172
2 0.704102 0.419434 0.091797 0.069336
1 0.139160 0.415039 0.086914 0.095703
1 0.675781 0.873535 0.093750 0.100586
1 0.595215 0.256836 0.079102 0.087891
1 0.887695 0.258789 0.050781 0.083984
1 0.438477 0.371582 0.037109 0.053711
1 0.546387 0.432129 0.045898 0.055664
1 0.703613 0.579102 0.051758 0.095703