0 0.384766 0.720215 0.238281 0.186523
0 0.600586 0.247070 0.193359 0.173828
0 0.227051 0.671875 0.235352 0.199219
0 0.159180 0.772949 0.175781 0.127930
0 0.815430 0.649902 0.175781 0.159180
0 0.356934 0.534180 0.192383 0.160156
0 0.437012 0.328125 0.182617 0.138672
4 0.279297 0.762207 0.191406 0.149414
2 0.229492 0.918945 0.064453 0.056641
2 0.480469 0.366211 0.126953 0.105469
2 0.594238 0.926270 0.102539 0.077148
1 0.472168 0.160156 0.067383 0.097656
3 0.889160 0.060059 0.088867 0.090820
3 0.188477 0.638184 0.048828 0.053711
3 0.752441 0.544434 0.077148 0.079102
3 0.433105 0.670898 0.057617 0.041016
3 0.118652 0.344727 0.067383 0.076172
3 0.474609 0.043945 0.078125 0.080078