0 0.113770 0.611328 0.225586 0.187500
0 0.628906 0.631836 0.218750 0.195312
0 0.508789 0.211426 0.130859 0.159180
0 0.669434 0.336914 0.188477 0.240234
0 0.422363 0.512207 0.186523 0.149414
0 0.261719 0.196289 0.205078 0.169922
0 0.430664 0.373047 0.203125 0.246094
0 0.151855 0.271973 0.217773 0.270508
0 0.778320 0.340820 0.283203 0.230469
0 0.247559 0.119141 0.229492 0.148438
0 0.347656 0.502441 0.261719 0.227539
0 0.548828 0.770508 0.199219 0.179688
0 0.723145 0.517090 0.137695 0.182617
1 0.321777 0.386719 0.079102 0.085938
1 0.852539 0.684082 0.080078 0.079102
1 0.852051 0.288574 0.055664 0.061523
1 0.379883 0.286621 0.101562 0.100586
1 0.898926 0.434082 0.067383 0.073242
1 0.509277 0.434570 0.083008 0.099609
3 0.910156 0.560059 0.080078 0.083008