0 0.223145 0.854980 0.194336 0.159180
0 0.730957 0.258789 0.161133 0.216797
0 0.418945 0.475098 0.214844 0.151367
0 0.619629 0.857910 0.157227 0.211914
0 0.413574 0.830078 0.245117 0.173828
0 0.266602 0.731445 0.253906 0.220703
0 0.303711 0.292969 0.210938 0.140625
0 0.238770 0.412598 0.206055 0.166992
0 0.427734 0.408691 0.146484 0.172852
0 0.798340 0.835938 0.227539 0.193359
0 0.354004 0.480957 0.215820 0.239258
0 0.799316 0.691895 0.182617 0.165039
0 0.130859 0.897949 0.212891 0.165039
4 0.375977 0.102539 0.154297 0.113281
4 0.555664 0.564453 0.189453 0.160156
4 0.911621 0.788574 0.168945 0.135742
1 0.224121 0.738281 0.067383 0.074219
1 0.546875 0.716797 0.072266 0.085938
1 0.166992 0.963379 0.048828 0.055664
1 0.654297 0.834961 0.078125 0.085938
3 0.522461 0.670410 0.070312 0.075195
3 0.458008 0.859375 0.101562 0.101562
3 0.394043 0.416992 0.077148 0.080078
3 0.918945 0.676270 0.070312 0.090820
3 0.941406 0.094727 0.068359 0.070312