0 0.500488 0.571777 0.266602 0.202148
0 0.078613 0.796875 0.147461 0.201172
0 0.622070 0.856445 0.250000 0.257812
0 0.624023 0.234375 0.269531 0.189453
0 0.734863 0.608887 0.215820 0.180664
0 0.356445 0.499023 0.210938 0.171875
0 0.321289 0.871582 0.187500 0.243164
0 0.809570 0.786621 0.177734 0.157227
0 0.804199 0.170898 0.237305 0.281250
0 0.122070 0.884766 0.216797 0.185547
0 0.418457 0.673340 0.270508 0.219727
0 0.562012 0.611328 0.245117 0.216797
0 0.209961 0.489258 0.195312 0.154297
0 0.843750 0.416016 0.210938 0.169922
4 0.366699 0.910645 0.104492 0.084961
1 0.838379 0.430664 0.053711 0.052734
1 0.082520 0.351562 0.055664 0.064453
1 0.208984 0.794922 0.089844 0.095703
1 0.709961 0.173340 0.082031 0.081055
1 0.534668 0.298828 0.047852 0.054688
1 0.905273 0.139160 0.095703 0.098633
3 0.465820 0.850098 0.068359 0.071289
3 0.923828 0.316895 0.048828 0.026367
3 0.297852 0.160156 0.072266 0.074219
3 0.252930 0.949219 0.072266 0.074219
3 0.474121 0.050293 0.092773 0.059570
3 0.123047 0.516113 0.080078 0.081055