0 0.826660 0.653809 0.231445 0.192383
0 0.483398 0.553711 0.210938 0.160156
0 0.220703 0.504883 0.201172 0.162109
0 0.788086 0.567383 0.203125 0.224609
0 0.246094 0.386719 0.236328 0.203125
0 0.502930 0.416504 0.224609 0.239258
0 0.841797 0.179199 0.218750 0.182617
0 0.301758 0.179199 0.230469 0.276367
0 0.294922 0.827148 0.203125 0.152344
4 0.724609 0.534180 0.123047 0.103516
2 0.224609 0.611328 0.066406 0.048828
1 0.321289 0.514648 0.046875 0.050781
1 0.046875 0.906738 0.082031 0.084961
1 0.958008 0.289551 0.082031 0.098633
1 0.607910 0.368164 0.067383 0.072266