0 0.203125 0.452148 0.189453 0.152344
0 0.662109 0.441406 0.201172 0.162109
0 0.829102 0.278320 0.222656 0.283203
0 0.849121 0.891113 0.129883 0.168945
0 0.202637 0.600586 0.247070 0.205078
4 0.097656 0.852051 0.128906 0.112305
4 0.190430 0.326660 0.121094 0.161133
4 0.429199 0.102051 0.161133 0.127930
1 0.779297 0.504395 0.080078 0.083008
3 0.745117 0.763672 0.070312 0.048828
3 0.836914 0.374023 0.076172 0.039062
3 0.208984 0.625488 0.076172 0.079102
3 0.271484 0.520996 0.050781 0.081055
3 0.518555 0.529785 0.050781 0.032227
3 0.525391 0.725586 0.050781 0.056641