0 0.766113 0.189453 0.163086 0.220703
0 0.212402 0.452637 0.229492 0.194336
0 0.155273 0.546387 0.291016 0.241211
0 0.174316 0.655273 0.202148 0.167969
0 0.442871 0.899902 0.241211 0.178711
0 0.696777 0.153320 0.192383 0.148438
4 0.462891 0.456055 0.173828 0.189453
4 0.120117 0.470703 0.109375 0.103516
2 0.066406 0.258789 0.068359 0.076172
1 0.148438 0.730469 0.097656 0.103516
1 0.529785 0.909668 0.077148 0.086914
1 0.367676 0.656250 0.077148 0.091797
1 0.794434 0.357910 0.065430 0.071289
3 0.070312 0.840820 0.101562 0.103516
3 0.591797 0.045410 0.058594 0.059570
3 0.169434 0.475586 0.047852 0.048828
3 0.298340 0.175293 0.100586 0.102539
3 0.245605 0.648438 0.041992 0.054688
3 0.904297 0.224121 0.080078 0.083008