0 0.482910 0.538086 0.303711 0.251953
0 0.405762 0.191406 0.221680 0.179688
0 0.327637 0.439941 0.168945 0.233398
0 0.716309 0.726074 0.215820 0.198242
0 0.174316 0.374512 0.190430 0.174805
0 0.519531 0.737793 0.261719 0.206055
0 0.263672 0.610352 0.154297 0.130859
0 0.185059 0.810547 0.311523 0.257812
0 0.220703 0.206543 0.179688 0.141602
0 0.807129 0.510742 0.198242 0.255859
0 0.613281 0.770508 0.203125 0.152344
4 0.145996 0.678711 0.129883 0.099609
4 0.369629 0.608887 0.176758 0.180664
4 0.184082 0.325684 0.102539 0.102539
1 0.114258 0.894043 0.111328 0.110352
1 0.152344 0.279297 0.076172 0.093750
1 0.518555 0.650391 0.064453 0.068359
1 0.075195 0.549316 0.064453 0.071289
1 0.695312 0.845703 0.056641 0.058594
3 0.138672 0.145020 0.078125 0.081055
3 0.170410 0.859863 0.077148 0.081055
3 0.770996 0.631348 0.073242 0.075195