0 0.661133 0.684082 0.214844 0.155273
0 0.083008 0.536621 0.109375 0.172852
0 0.121094 0.307617 0.240234 0.232422
0 0.850098 0.181152 0.196289 0.163086
0 0.218750 0.735352 0.218750 0.173828
0 0.161133 0.766602 0.218750 0.175781
0 0.688965 0.833984 0.217773 0.146484
0 0.101074 0.687500 0.188477 0.158203
0 0.825195 0.347656 0.167969 0.130859
0 0.271484 0.646484 0.253906 0.216797
0 0.820312 0.445801 0.191406 0.149414
0 0.770996 0.122559 0.233398 0.178711
0 0.456055 0.606934 0.255859 0.200195
0 0.348633 0.643066 0.162109 0.217773
4 0.666992 0.211914 0.154297 0.119141
4 0.804688 0.577637 0.187500 0.163086
2 0.522949 0.803711 0.081055 0.072266
2 0.095215 0.878906 0.086914 0.097656
2 0.105469 0.451660 0.109375 0.094727
3 0.322266 0.381836 0.072266 0.082031
3 0.786621 0.321289 0.079102 0.058594