0 0.372070 0.362793 0.181641 0.157227
0 0.821289 0.104980 0.154297 0.196289
0 0.729004 0.603027 0.188477 0.231445
0 0.433594 0.700195 0.248047 0.205078
0 0.184082 0.881348 0.252930 0.209961
0 0.519043 0.794434 0.174805 0.245117
0 0.513184 0.217285 0.188477 0.178711
0 0.479492 0.662598 0.144531 0.211914
0 0.588867 0.799316 0.214844 0.170898
0 0.456543 0.109863 0.264648 0.211914
0 0.409668 0.303223 0.211914 0.178711
0 0.206543 0.744141 0.159180 0.244141
0 0.446289 0.405762 0.218750 0.182617
0 0.453613 0.467285 0.159180 0.182617
4 0.874023 0.094727 0.177734 0.156250
2 0.478027 0.630371 0.086914 0.084961
1 0.238281 0.468262 0.091797 0.098633
1 0.912109 0.496582 0.091797 0.094727
1 0.717285 0.196289 0.063477 0.066406
1 0.434570 0.420410 0.068359 0.067383
3 0.468262 0.724609 0.053711 0.054688
3 0.510254 0.618652 0.047852 0.026367
3 0.257324 0.512695 0.079102 0.089844
3 0.295410 0.688477 0.063477 0.037109