0 0.611816 0.094727 0.247070 0.173828
0 0.902832 0.862305 0.172852 0.115234
0 0.293945 0.209473 0.177734 0.233398
0 0.763184 0.741699 0.223633 0.188477
0 0.881836 0.533691 0.160156 0.209961
0 0.253418 0.459961 0.198242 0.142578
0 0.423340 0.668457 0.233398 0.200195
0 0.780273 0.161133 0.189453 0.234375
0 0.272461 0.333008 0.183594 0.140625
0 0.467285 0.147949 0.239258 0.190430
0 0.746582 0.799805 0.174805 0.136719
0 0.245605 0.399902 0.198242 0.151367
0 0.540527 0.466309 0.272461 0.196289
0 0.124023 0.214355 0.136719 0.172852
2 0.387207 0.494141 0.098633 0.068359
2 0.782715 0.575684 0.083008 0.077148
2 0.949219 0.716309 0.087891 0.081055
2 0.524902 0.913574 0.110352 0.104492
1 0.595703 0.519531 0.062500 0.066406
1 0.456055 0.886230 0.076172 0.075195
1 0.040527 0.655273 0.061523 0.089844
3 0.731445 0.044434 0.050781 0.055664
3 0.220215 0.722656 0.045898 0.064453
3 0.506348 0.362305 0.063477 0.085938
3 0.699219 0.716797 0.064453 0.066406
3 0.243164 0.846191 0.091797 0.094727
3 0.331543 0.664062 0.084961 0.095703