0 0.509277 0.812988 0.186523 0.133789
0 0.434082 0.156250 0.170898 0.148438
0 0.487793 0.211914 0.225586 0.173828
0 0.323242 0.744629 0.185547 0.219727
0 0.722168 0.523438 0.227539 0.191406
0 0.402344 0.717285 0.263672 0.254883
0 0.241699 0.586426 0.284180 0.225586
0 0.645020 0.725586 0.166992 0.154297
0 0.113281 0.492676 0.175781 0.235352
0 0.439453 0.806152 0.117188 0.186523
0 0.369141 0.525391 0.181641 0.210938
4 0.204590 0.246094 0.159180 0.138672
4 0.703613 0.566406 0.147461 0.187500
2 0.389160 0.224609 0.098633 0.076172
1 0.661621 0.305664 0.081055 0.085938
1 0.327148 0.574707 0.093750 0.102539
1 0.380371 0.814453 0.063477 0.062500
1 0.382324 0.304199 0.063477 0.065430
1 0.104004 0.755859 0.098633 0.101562
1 0.216797 0.244141 0.072266 0.080078
1 0.439453 0.730469 0.042969 0.048828