0 0.841309 0.113770 0.268555 0.213867
0 0.709473 0.132812 0.243164 0.179688
0 0.660156 0.736328 0.214844 0.158203
0 0.606445 0.299805 0.224609 0.193359
0 0.839844 0.360352 0.207031 0.177734
0 0.696777 0.570312 0.157227 0.197266
0 0.225098 0.623535 0.184570 0.133789
0 0.510254 0.460449 0.237305 0.166992
0 0.277344 0.314453 0.263672 0.208984
0 0.397949 0.568359 0.256836 0.203125
0 0.696777 0.229004 0.163086 0.120117
4 0.193848 0.479980 0.145508 0.170898
4 0.188965 0.854492 0.196289 0.158203
4 0.164551 0.249023 0.170898 0.164062
2 0.803223 0.490234 0.061523 0.068359
1 0.786621 0.120117 0.077148 0.082031
1 0.946289 0.816895 0.074219 0.079102