0 0.619629 0.640625 0.249023 0.205078
0 0.866211 0.218750 0.248047 0.181641
0 0.410156 0.301758 0.173828 0.250000
0 0.507324 0.525879 0.286133 0.221680
0 0.247070 0.335449 0.232422 0.149414
0 0.702637 0.531250 0.192383 0.246094
0 0.811035 0.847168 0.186523 0.163086
0 0.488281 0.336914 0.285156 0.222656
0 0.304199 0.912598 0.174805 0.116211
0 0.673340 0.097168 0.266602 0.188477
0 0.801270 0.699707 0.163086 0.166992
2 0.103027 0.754395 0.108398 0.075195
2 0.797363 0.161621 0.110352 0.108398
2 0.622070 0.662598 0.080078 0.063477
2 0.761230 0.914062 0.122070 0.113281
1 0.269043 0.540527 0.063477 0.067383
1 0.265625 0.422852 0.041016 0.046875
1 0.731934 0.843750 0.057617 0.078125
1 0.610352 0.354492 0.095703 0.099609
1 0.860352 0.839844 0.054688 0.062500
3 0.055664 0.737305 0.044922 0.060547
3 0.681641 0.773438 0.062500 0.064453
3 0.437988 0.409668 0.045898 0.053711
3 0.712402 0.170410 0.088867 0.061523