0 0.322266 0.496094 0.246094 0.189453
0 0.832520 0.587891 0.215820 0.177734
0 0.751465 0.217773 0.143555 0.164062
0 0.374512 0.170410 0.219727 0.170898
0 0.161133 0.466309 0.125000 0.153320
0 0.690918 0.101074 0.254883 0.202148
0 0.576660 0.811035 0.225586 0.151367
0 0.293945 0.231445 0.214844 0.177734
0 0.393066 0.230957 0.223633 0.147461
0 0.794922 0.812500 0.212891 0.169922
0 0.698242 0.694824 0.201172 0.168945
0 0.399902 0.835449 0.229492 0.221680
0 0.350098 0.584961 0.311523 0.255859
0 0.619141 0.411621 0.226562 0.198242
2 0.385742 0.405762 0.068359 0.051758
1 0.095703 0.872559 0.070312 0.086914
1 0.713379 0.485352 0.043945 0.048828
1 0.544434 0.682617 0.036133 0.070312
1 0.173828 0.329102 0.060547 0.064453
1 0.621094 0.512207 0.083984 0.084961
1 0.101074 0.317383 0.063477 0.062500
1 0.805664 0.412598 0.064453 0.092773
3 0.935059 0.109375 0.030273 0.046875
3 0.273438 0.211914 0.078125 0.080078
3 0.882812 0.075195 0.076172 0.078125