0 0.714844 0.792969 0.255859 0.216797
0 0.149414 0.467773 0.263672 0.218750
0 0.526367 0.866699 0.177734 0.135742
0 0.536621 0.878906 0.243164 0.220703
0 0.528809 0.208496 0.172852 0.125977
0 0.830566 0.417969 0.176758 0.208984
0 0.754883 0.492188 0.212891 0.175781
0 0.277344 0.118652 0.236328 0.192383
0 0.776367 0.669434 0.222656 0.272461
0 0.648926 0.543457 0.247070 0.282227
0 0.230957 0.685547 0.225586 0.167969
4 0.558105 0.631348 0.155273 0.118164
4 0.789062 0.341797 0.107422 0.128906
4 0.915039 0.661133 0.152344 0.164062
2 0.208496 0.330566 0.081055 0.090820
2 0.083984 0.769043 0.115234 0.112305
2 0.234375 0.274902 0.064453 0.071289
2 0.088379 0.457031 0.120117 0.099609
1 0.420898 0.469238 0.029297 0.047852
1 0.955566 0.598633 0.088867 0.087891
1 0.617676 0.272461 0.040039 0.044922
1 0.318848 0.123047 0.038086 0.068359
1 0.912109 0.712402 0.056641 0.061523
1 0.939941 0.724609 0.053711 0.066406
1 0.786133 0.417969 0.048828 0.050781
3 0.861328 0.425781 0.097656 0.099609
3 0.728516 0.757812 0.097656 0.097656
3 0.317383 0.534180 0.074219 0.083984
3 0.215820 0.682617 0.044922 0.046875