0 0.416992 0.597168 0.183594 0.213867
0 0.863770 0.447266 0.217773 0.187500
0 0.488770 0.210449 0.206055 0.176758
0 0.537598 0.833984 0.194336 0.152344
0 0.695801 0.344238 0.118164 0.182617
0 0.637695 0.605469 0.160156 0.126953
4 0.342285 0.362305 0.112305 0.144531
4 0.372070 0.181641 0.093750 0.128906
4 0.876465 0.503418 0.145508 0.131836
1 0.687988 0.215820 0.090820 0.093750
1 0.877930 0.459961 0.074219 0.091797
3 0.823730 0.321777 0.034180 0.049805
3 0.737305 0.143555 0.060547 0.062500
3 0.367188 0.098145 0.046875 0.047852
3 0.566895 0.048340 0.071289 0.079102
3 0.516113 0.351562 0.063477 0.064453
3 0.824707 0.588379 0.094727 0.096680