0 0.738281 0.819824 0.175781 0.129883
0 0.130371 0.568359 0.254883 0.216797
0 0.619141 0.505859 0.248047 0.179688
0 0.151367 0.189941 0.238281 0.249023
0 0.372070 0.231934 0.255859 0.184570
4 0.896973 0.126953 0.143555 0.115234
2 0.093750 0.903320 0.128906 0.107422
2 0.277832 0.849121 0.084961 0.067383
2 0.054688 0.486328 0.095703 0.105469
2 0.174805 0.359375 0.085938 0.068359
1 0.108887 0.843750 0.069336 0.068359
1 0.854492 0.964844 0.041016 0.056641
1 0.260742 0.259766 0.044922 0.046875
1 0.636230 0.134766 0.063477 0.068359
1 0.129395 0.753906 0.075195 0.082031
1 0.291992 0.811035 0.074219 0.086914
3 0.646484 0.069824 0.097656 0.098633