0 0.681152 0.285156 0.174805 0.259766
0 0.282715 0.686523 0.243164 0.166016
0 0.099609 0.706055 0.199219 0.128906
0 0.591309 0.859863 0.204102 0.229492
0 0.333984 0.289062 0.222656 0.185547
0 0.251953 0.269043 0.183594 0.168945
0 0.927734 0.332031 0.128906 0.197266
0 0.108887 0.561035 0.208008 0.159180
2 0.398926 0.204102 0.098633 0.072266
2 0.877441 0.170898 0.079102 0.064453
2 0.292969 0.914062 0.058594 0.044922
2 0.125488 0.183105 0.108398 0.081055
1 0.437988 0.340820 0.073242 0.078125
1 0.190918 0.061035 0.071289 0.075195
1 0.937012 0.929199 0.063477 0.069336
1 0.440430 0.562500 0.058594 0.058594
1 0.886230 0.798340 0.053711 0.055664