0 0.121094 0.559082 0.175781 0.209961
0 0.731445 0.627441 0.179688 0.143555
0 0.513184 0.309570 0.209961 0.162109
0 0.400391 0.394043 0.224609 0.163086
0 0.823730 0.378906 0.165039 0.125000
0 0.354980 0.831055 0.182617 0.216797
0 0.690918 0.661133 0.256836 0.285156
4 0.242188 0.351074 0.115234 0.122070
2 0.753906 0.407715 0.082031 0.079102
1 0.152344 0.630859 0.066406 0.074219
1 0.813965 0.740723 0.073242 0.079102
1 0.765625 0.290527 0.082031 0.086914
1 0.051270 0.832031 0.081055 0.083984
1 0.783203 0.826660 0.109375 0.108398
1 0.182617 0.389648 0.048828 0.089844
1 0.473145 0.354980 0.063477 0.071289
1 0.886719 0.889160 0.082031 0.084961
3 0.845215 0.042480 0.079102 0.081055
3 0.067383 0.805664 0.068359 0.074219
3 0.803711 0.161133 0.048828 0.066406
3 0.370117 0.261719 0.074219 0.076172