0 0.796875 0.746582 0.187500 0.149414
0 0.455566 0.841309 0.143555 0.192383
0 0.622559 0.157227 0.180664 0.210938
0 0.780273 0.856934 0.283203 0.252930
0 0.301758 0.486328 0.156250 0.119141
0 0.361328 0.685547 0.212891 0.201172
0 0.127930 0.639160 0.246094 0.192383
0 0.681152 0.716309 0.237305 0.200195
0 0.198242 0.319824 0.244141 0.198242
0 0.616699 0.480957 0.249023 0.307617
0 0.323730 0.551758 0.180664 0.152344
0 0.787598 0.513672 0.198242 0.232422
0 0.132324 0.243164 0.194336 0.244141
2 0.900879 0.112793 0.116211 0.096680
3 0.220703 0.585449 0.083984 0.053711
3 0.534668 0.660156 0.055664 0.058594
3 0.271973 0.880859 0.038086 0.054688
3 0.116211 0.879395 0.066406 0.071289
3 0.359863 0.033691 0.063477 0.063477
3 0.328613 0.546875 0.083008 0.087891