0 0.185059 0.479980 0.208008 0.163086
0 0.815918 0.112793 0.137695 0.135742
0 0.676758 0.552734 0.220703 0.177734
0 0.845215 0.824707 0.250977 0.190430
0 0.856445 0.773438 0.121094 0.167969
0 0.347168 0.872559 0.243164 0.184570
0 0.206055 0.545410 0.193359 0.137695
0 0.890137 0.875000 0.166992 0.142578
0 0.142578 0.199707 0.250000 0.190430
0 0.889648 0.694824 0.130859 0.176758
0 0.207031 0.757812 0.167969 0.134766
0 0.452148 0.807617 0.240234 0.144531
0 0.504883 0.326660 0.169922 0.120117
1 0.741699 0.493164 0.065430 0.072266
3 0.397461 0.899902 0.080078 0.090820
3 0.181641 0.304688 0.087891 0.093750
3 0.370117 0.076660 0.064453 0.073242
3 0.564453 0.564941 0.056641 0.065430
3 0.619629 0.245117 0.086914 0.089844
3 0.567383 0.889648 0.060547 0.062500