0 0.348145 0.731934 0.192383 0.149414
0 0.632324 0.319336 0.182617 0.210938
0 0.282715 0.271484 0.198242 0.169922
0 0.135742 0.861328 0.152344 0.199219
0 0.868164 0.588379 0.263672 0.223633
0 0.720703 0.225098 0.251953 0.225586
0 0.544434 0.809570 0.254883 0.183594
0 0.302734 0.534668 0.171875 0.219727
0 0.172363 0.435059 0.172852 0.125977
0 0.657715 0.469727 0.194336 0.140625
2 0.222656 0.219727 0.105469 0.083984
2 0.726074 0.421875 0.059570 0.068359
2 0.625000 0.622559 0.068359 0.047852
2 0.851562 0.916504 0.076172 0.063477
1 0.432617 0.322754 0.113281 0.118164
1 0.552246 0.432617 0.098633 0.103516
1 0.444824 0.480469 0.084961 0.101562
1 0.811035 0.359863 0.110352 0.116211
1 0.972656 0.034180 0.050781 0.052734
3 0.779297 0.374023 0.062500 0.064453
3 0.234863 0.132812 0.065430 0.082031