0 0.189453 0.567383 0.230469 0.208984
0 0.152344 0.465820 0.166016 0.144531
0 0.511719 0.353516 0.187500 0.142578
0 0.464844 0.773438 0.207031 0.160156
0 0.771484 0.400879 0.328125 0.284180
0 0.636719 0.815918 0.205078 0.176758
0 0.487305 0.578125 0.210938 0.181641
0 0.617676 0.804688 0.319336 0.271484
4 0.767578 0.064453 0.156250 0.103516
2 0.839844 0.179199 0.134766 0.129883
2 0.179199 0.953125 0.061523 0.068359
2 0.279297 0.709961 0.115234 0.091797
1 0.157227 0.297363 0.054688 0.053711
1 0.770020 0.188477 0.063477 0.062500
1 0.444336 0.636230 0.087891 0.102539
1 0.805664 0.810059 0.064453 0.088867
1 0.261719 0.626953 0.097656 0.101562
3 0.067871 0.946777 0.065430 0.067383
3 0.258789 0.149902 0.064453 0.065430
3 0.884766 0.819824 0.089844 0.092773