0 0.797852 0.456543 0.267578 0.225586
0 0.223145 0.119141 0.163086 0.205078
0 0.439941 0.707031 0.256836 0.220703
0 0.390625 0.120117 0.201172 0.142578
0 0.503906 0.300293 0.238281 0.186523
0 0.839844 0.363281 0.228516 0.169922
0 0.428711 0.915527 0.189453 0.145508
0 0.140625 0.734863 0.210938 0.290039
0 0.203613 0.438965 0.213867 0.159180
0 0.647461 0.296387 0.220703 0.194336
0 0.641113 0.358398 0.295898 0.248047
4 0.264160 0.721191 0.131836 0.114258
4 0.146973 0.896973 0.141602 0.116211
4 0.524414 0.448730 0.164062 0.198242
1 0.587402 0.778320 0.059570 0.066406
1 0.229004 0.067871 0.047852 0.053711