0 0.613770 0.637695 0.178711 0.205078
0 0.714844 0.541504 0.175781 0.280273
0 0.335938 0.646973 0.199219 0.247070
0 0.181641 0.410645 0.152344 0.213867
0 0.224121 0.778320 0.231445 0.152344
0 0.569824 0.891602 0.231445 0.175781
0 0.783203 0.789551 0.197266 0.235352
0 0.841309 0.752930 0.231445 0.203125
0 0.196289 0.870605 0.181641 0.174805
0 0.263672 0.230469 0.162109 0.125000
0 0.129883 0.503906 0.232422 0.187500
2 0.590820 0.487305 0.072266 0.052734
1 0.264648 0.566895 0.072266 0.071289
1 0.657715 0.904785 0.084961 0.092773
3 0.296387 0.152344 0.055664 0.085938
3 0.699219 0.604980 0.050781 0.079102
3 0.755371 0.750977 0.084961 0.087891
3 0.055664 0.906250 0.046875 0.054688