0 0.865234 0.631348 0.142578 0.198242
0 0.134766 0.278809 0.242188 0.190430
0 0.646973 0.345215 0.196289 0.178711
0 0.774414 0.104492 0.259766 0.199219
0 0.556152 0.680176 0.233398 0.270508
0 0.465332 0.885254 0.200195 0.168945
0 0.303223 0.761719 0.135742 0.208984
0 0.876465 0.397461 0.174805 0.126953
0 0.516602 0.308594 0.242188 0.171875
0 0.166504 0.747070 0.276367 0.199219
0 0.846191 0.129395 0.139648 0.172852
0 0.278809 0.272949 0.170898 0.229492
4 0.395020 0.297852 0.188477 0.162109
4 0.429688 0.787109 0.136719 0.117188
4 0.653809 0.408203 0.135742 0.113281
2 0.485352 0.915527 0.126953 0.124023
2 0.713379 0.100586 0.063477 0.056641
2 0.252930 0.449707 0.123047 0.100586
1 0.891602 0.090332 0.080078 0.100586
1 0.686035 0.857910 0.096680 0.106445
1 0.569336 0.368164 0.091797 0.097656
1 0.360840 0.451172 0.057617 0.056641
1 0.332031 0.768066 0.070312 0.083008
3 0.895020 0.688965 0.059570 0.059570
3 0.679688 0.681641 0.066406 0.068359
3 0.602539 0.978516 0.064453 0.039062