0 0.797363 0.409180 0.297852 0.236328
0 0.342773 0.248535 0.164062 0.247070
0 0.200684 0.268066 0.249023 0.184570
0 0.880859 0.638184 0.167969 0.194336
0 0.241211 0.611328 0.289062 0.244141
0 0.251465 0.083496 0.196289 0.163086
0 0.688965 0.723633 0.163086 0.212891
0 0.729004 0.129883 0.208008 0.236328
0 0.098633 0.549805 0.175781 0.212891
0 0.734863 0.791992 0.202148 0.250000
0 0.716797 0.333008 0.248047 0.199219
0 0.145996 0.142090 0.161133 0.217773
2 0.752930 0.637207 0.083984 0.057617
2 0.890137 0.125000 0.102539 0.087891
2 0.550293 0.602051 0.086914 0.098633
2 0.358887 0.319336 0.073242 0.052734
1 0.580566 0.755371 0.057617 0.069336
1 0.390137 0.336914 0.051758 0.058594
1 0.437988 0.215820 0.110352 0.109375
1 0.201172 0.081543 0.103516 0.110352
1 0.433594 0.719238 0.068359 0.067383
1 0.229980 0.757324 0.057617 0.063477
1 0.738770 0.217773 0.106445 0.107422
3 0.792480 0.111328 0.047852 0.048828