0 0.253906 0.131348 0.226562 0.249023
0 0.646484 0.348145 0.185547 0.161133
0 0.795410 0.453125 0.262695 0.187500
0 0.596680 0.664551 0.255859 0.217773
0 0.166992 0.308105 0.140625 0.172852
0 0.762207 0.185059 0.250977 0.272461
0 0.670898 0.139160 0.238281 0.163086
0 0.252441 0.314453 0.157227 0.205078
0 0.362793 0.231934 0.170898 0.135742
4 0.527832 0.232910 0.170898 0.151367
4 0.097168 0.267090 0.129883 0.104492
4 0.488770 0.156250 0.118164 0.115234
2 0.503906 0.638672 0.109375 0.119141
1 0.415039 0.683105 0.060547 0.065430