0 0.834473 0.672852 0.243164 0.210938
0 0.194824 0.170410 0.166992 0.143555
0 0.441406 0.276855 0.216797 0.176758
0 0.768555 0.469238 0.208984 0.254883
0 0.373535 0.157715 0.159180 0.235352
0 0.279297 0.485352 0.167969 0.205078
0 0.507324 0.568848 0.143555 0.118164
0 0.419434 0.795898 0.168945 0.195312
0 0.296387 0.626953 0.182617 0.144531
0 0.256348 0.713867 0.170898 0.189453
0 0.333008 0.448730 0.201172 0.260742
0 0.889160 0.180664 0.219727 0.244141
2 0.212402 0.922852 0.061523 0.072266
2 0.350586 0.236816 0.089844 0.067383
2 0.317871 0.193359 0.059570 0.054688
1 0.204590 0.666992 0.086914 0.085938
1 0.476562 0.207520 0.070312 0.069336
1 0.612793 0.862793 0.086914 0.102539
1 0.829590 0.560547 0.065430 0.064453
3 0.600586 0.215332 0.085938 0.088867
3 0.262695 0.768066 0.048828 0.051758
3 0.658691 0.450684 0.053711 0.071289
3 0.788086 0.466797 0.078125 0.042969