0 0.219727 0.336426 0.181641 0.227539
0 0.884766 0.365234 0.197266 0.238281
0 0.437012 0.214355 0.258789 0.198242
0 0.588867 0.471680 0.212891 0.296875
0 0.577148 0.307129 0.154297 0.166992
0 0.735352 0.254883 0.207031 0.152344
0 0.147949 0.288086 0.108398 0.171875
0 0.280273 0.775391 0.171875 0.119141
0 0.886719 0.524902 0.183594 0.139648
0 0.336426 0.489746 0.165039 0.135742
0 0.847168 0.466309 0.147461 0.174805
0 0.636230 0.777832 0.233398 0.276367
4 0.085449 0.220703 0.075195 0.142578
4 0.105957 0.362305 0.184570 0.156250
4 0.075684 0.838379 0.120117 0.092773
2 0.809082 0.933594 0.063477 0.056641
1 0.108887 0.456543 0.059570 0.061523
1 0.865723 0.518066 0.075195 0.083008
1 0.615723 0.515625 0.077148 0.080078
1 0.252930 0.707520 0.076172 0.084961
3 0.776367 0.890137 0.058594 0.069336
3 0.887207 0.495117 0.086914 0.087891