0 0.164551 0.229004 0.217773 0.178711
0 0.464844 0.886230 0.167969 0.202148
0 0.634766 0.843262 0.199219 0.239258
0 0.494141 0.320312 0.195312 0.162109
0 0.540039 0.396484 0.246094 0.203125
0 0.190918 0.789062 0.233398 0.242188
0 0.784180 0.777344 0.173828 0.207031
0 0.464844 0.617188 0.175781 0.130859
0 0.664062 0.601074 0.195312 0.252930
0 0.528809 0.182129 0.262695 0.211914
0 0.548340 0.620605 0.196289 0.260742
0 0.561523 0.552246 0.261719 0.208008
0 0.567871 0.853027 0.168945 0.141602
4 0.239746 0.448242 0.125977 0.101562
4 0.544922 0.206055 0.091797 0.134766
4 0.727051 0.402832 0.125977 0.096680
2 0.620605 0.275879 0.090820 0.110352
1 0.956055 0.123535 0.072266 0.077148
1 0.778809 0.752930 0.114258 0.113281
1 0.769043 0.273438 0.057617 0.060547
1 0.699707 0.478027 0.084961 0.092773
1 0.113770 0.631836 0.102539 0.109375
1 0.362305 0.645996 0.099609 0.098633
3 0.936523 0.639648 0.037109 0.050781