0 0.109863 0.304199 0.182617 0.153320
0 0.815918 0.745117 0.260742 0.230469
0 0.789062 0.559082 0.203125 0.157227
0 0.533203 0.394531 0.154297 0.197266
0 0.540039 0.335449 0.167969 0.127930
0 0.511719 0.099609 0.142578 0.107422
0 0.121582 0.726074 0.221680 0.166992
0 0.500977 0.494141 0.195312 0.164062
4 0.707031 0.684082 0.175781 0.168945
2 0.859375 0.743164 0.076172 0.052734
2 0.385742 0.162109 0.095703 0.109375
1 0.536621 0.046387 0.077148 0.084961
1 0.152832 0.130371 0.049805 0.053711
1 0.441406 0.389648 0.087891 0.093750
3 0.746582 0.774902 0.071289 0.077148
3 0.211426 0.537109 0.067383 0.068359