0 0.736328 0.384277 0.134766 0.166992
0 0.716797 0.378418 0.210938 0.245117
0 0.755371 0.301270 0.266602 0.217773
0 0.699219 0.155762 0.130859 0.157227
0 0.361328 0.457031 0.261719 0.232422
0 0.514160 0.120605 0.194336 0.141602
4 0.319336 0.715332 0.132812 0.102539
4 0.636230 0.256836 0.176758 0.173828
4 0.383789 0.614746 0.228516 0.223633
2 0.046387 0.936035 0.083008 0.061523
2 0.758301 0.348633 0.114258 0.083984
2 0.232910 0.850098 0.092773 0.102539
1 0.728027 0.675293 0.069336 0.073242
1 0.252930 0.140625 0.072266 0.078125
1 0.183105 0.924805 0.071289 0.087891
1 0.164062 0.346680 0.050781 0.068359
1 0.359375 0.822754 0.097656 0.100586
1 0.520508 0.353027 0.101562 0.102539
1 0.895996 0.740234 0.106445 0.105469
3 0.782227 0.616211 0.056641 0.037109
3 0.096191 0.469238 0.063477 0.065430
3 0.756348 0.760742 0.094727 0.095703
3 0.948730 0.424805 0.083008 0.087891