0 0.503418 0.542480 0.252930 0.233398
0 0.552734 0.774414 0.253906 0.267578
0 0.525391 0.618164 0.207031 0.175781
0 0.249023 0.095215 0.189453 0.139648
0 0.318848 0.260742 0.223633 0.175781
0 0.182617 0.173340 0.261719 0.233398
0 0.159180 0.388672 0.285156 0.218750
2 0.695312 0.937500 0.130859 0.119141
2 0.474121 0.620117 0.108398 0.080078
2 0.952637 0.245605 0.069336 0.075195
1 0.409668 0.768555 0.043945 0.050781
1 0.238770 0.160645 0.098633 0.112305
1 0.088867 0.376465 0.085938 0.084961
3 0.372559 0.437500 0.081055 0.050781