0 0.170898 0.738770 0.263672 0.229492
0 0.158203 0.222168 0.193359 0.166992
0 0.450684 0.321289 0.247070 0.183594
0 0.363281 0.186523 0.175781 0.166016
0 0.565430 0.832520 0.173828 0.163086
0 0.785156 0.550781 0.160156 0.232422
0 0.579102 0.705078 0.181641 0.156250
4 0.592285 0.654785 0.094727 0.110352
2 0.839844 0.258301 0.123047 0.100586
2 0.528809 0.271973 0.079102 0.053711
2 0.668457 0.573242 0.114258 0.087891
2 0.904297 0.727539 0.093750 0.085938
1 0.141602 0.459473 0.068359 0.081055
1 0.622559 0.170898 0.057617 0.062500
1 0.491211 0.114258 0.052734 0.056641
1 0.047852 0.542969 0.066406 0.076172
1 0.728516 0.216797 0.070312 0.078125
3 0.407227 0.643066 0.082031 0.083008
3 0.929199 0.223145 0.088867 0.090820
3 0.232910 0.671875 0.090820 0.091797