0 0.822266 0.571777 0.148438 0.182617
0 0.654297 0.354492 0.236328 0.253906
0 0.622559 0.792969 0.247070 0.298828
0 0.836426 0.236328 0.219727 0.167969
0 0.206543 0.544434 0.206055 0.258789
0 0.728516 0.104492 0.240234 0.189453
0 0.388672 0.414551 0.253906 0.204102
0 0.510254 0.634277 0.172852 0.170898
0 0.529297 0.610840 0.251953 0.305664
0 0.332520 0.814453 0.186523 0.253906
0 0.704102 0.571289 0.119141 0.142578
0 0.640137 0.217285 0.186523 0.153320
2 0.807129 0.465332 0.069336 0.059570
2 0.423828 0.769531 0.125000 0.103516
3 0.950195 0.290527 0.074219 0.077148