0 0.319336 0.562500 0.156250 0.207031
0 0.525879 0.847656 0.178711 0.117188
0 0.808105 0.666992 0.245117 0.208984
0 0.145020 0.465332 0.217773 0.168945
0 0.836914 0.252930 0.193359 0.154297
0 0.106934 0.564453 0.172852 0.128906
0 0.382324 0.273438 0.268555 0.224609
0 0.573242 0.914551 0.140625 0.114258
4 0.301758 0.496094 0.150391 0.115234
4 0.472656 0.719727 0.173828 0.132812
2 0.744141 0.589355 0.066406 0.055664
1 0.639648 0.350098 0.037109 0.047852
1 0.804199 0.576660 0.049805 0.057617
1 0.293945 0.186523 0.054688 0.085938
3 0.231934 0.458008 0.077148 0.082031
3 0.501465 0.949219 0.067383 0.068359
3 0.978027 0.280273 0.043945 0.044922
3 0.712891 0.310547 0.062500 0.064453