0 0.464355 0.888184 0.233398 0.188477
0 0.548828 0.564453 0.314453 0.257812
0 0.824707 0.105957 0.170898 0.096680
0 0.621094 0.179199 0.152344 0.190430
0 0.224609 0.252441 0.302734 0.241211
0 0.725586 0.520020 0.257812 0.223633
0 0.808594 0.377441 0.136719 0.190430
0 0.299805 0.816406 0.218750 0.185547
0 0.842285 0.165527 0.178711 0.149414
0 0.681641 0.886230 0.160156 0.225586
0 0.558594 0.633789 0.248047 0.212891
0 0.079590 0.846680 0.149414 0.191406
2 0.293457 0.248535 0.108398 0.086914
1 0.200684 0.826660 0.053711 0.075195
1 0.366699 0.551758 0.034180 0.056641
1 0.737793 0.124512 0.053711 0.055664
1 0.459473 0.506348 0.061523 0.073242
1 0.388672 0.182617 0.064453 0.099609
1 0.650879 0.731445 0.073242 0.078125
1 0.186035 0.797852 0.063477 0.066406
1 0.841797 0.398438 0.078125 0.089844
3 0.605957 0.413086 0.028320 0.042969
3 0.513672 0.491699 0.058594 0.061523
3 0.561035 0.631348 0.047852 0.069336