0 0.293457 0.694824 0.165039 0.204102
0 0.894531 0.649902 0.185547 0.131836
0 0.512695 0.640137 0.248047 0.198242
0 0.321777 0.297852 0.192383 0.142578
0 0.150879 0.708984 0.202148 0.158203
4 0.296387 0.604980 0.141602 0.131836
4 0.491211 0.325684 0.205078 0.170898
2 0.612305 0.854492 0.113281 0.126953
1 0.787109 0.884766 0.066406 0.072266
1 0.082031 0.478027 0.087891 0.090820
1 0.248047 0.343262 0.052734 0.083008
1 0.722168 0.887207 0.088867 0.094727
1 0.812012 0.169434 0.079102 0.086914
1 0.224121 0.678711 0.047852 0.046875
1 0.194824 0.206055 0.083008 0.087891
3 0.136230 0.738281 0.049805 0.082031
3 0.336914 0.658691 0.066406 0.086914
3 0.415527 0.561035 0.069336 0.069336
3 0.364258 0.045898 0.052734 0.068359
3 0.100098 0.050293 0.083008 0.084961
3 0.244629 0.707520 0.069336 0.069336