0 0.218262 0.581055 0.202148 0.158203
0 0.868164 0.126465 0.185547 0.139648
0 0.380859 0.433105 0.234375 0.153320
0 0.294434 0.800293 0.194336 0.143555
0 0.841797 0.491699 0.210938 0.180664
0 0.787109 0.419434 0.205078 0.213867
0 0.148926 0.273438 0.235352 0.181641
0 0.707520 0.553223 0.155273 0.206055
0 0.474121 0.368164 0.168945 0.142578
0 0.451660 0.849609 0.196289 0.238281
2 0.183594 0.416992 0.095703 0.113281
2 0.269531 0.777344 0.078125 0.056641
2 0.736816 0.289062 0.102539 0.093750
2 0.659668 0.761230 0.110352 0.125977
1 0.521973 0.756836 0.059570 0.095703
1 0.326660 0.077637 0.094727 0.108398
1 0.811035 0.712891 0.090820 0.093750
1 0.145508 0.046387 0.046875 0.061523
1 0.360840 0.615234 0.045898 0.056641
1 0.250000 0.677246 0.087891 0.106445
1 0.494141 0.573730 0.107422 0.108398
3 0.791504 0.203125 0.071289 0.076172
3 0.423340 0.814453 0.083008 0.048828
3 0.092773 0.587402 0.054688 0.063477
3 0.934570 0.269043 0.060547 0.083008
3 0.717285 0.471680 0.055664 0.037109