0 0.882324 0.414551 0.188477 0.139648
0 0.449219 0.115234 0.212891 0.185547
0 0.252930 0.500977 0.173828 0.201172
0 0.647949 0.278809 0.239258 0.172852
0 0.226074 0.572266 0.182617 0.197266
0 0.837402 0.824707 0.237305 0.206055
0 0.545410 0.822266 0.219727 0.156250
0 0.391602 0.604004 0.167969 0.204102
0 0.691895 0.102539 0.204102 0.158203
0 0.759766 0.586426 0.173828 0.239258
2 0.777344 0.544922 0.093750 0.083984
2 0.495605 0.462891 0.071289 0.056641
3 0.872070 0.626953 0.044922 0.064453
3 0.167969 0.812500 0.074219 0.074219
3 0.918457 0.094727 0.077148 0.080078
3 0.824219 0.243164 0.072266 0.076172
3 0.125488 0.079102 0.059570 0.070312