0 0.692383 0.612305 0.208984 0.148438
0 0.128418 0.188965 0.215820 0.180664
0 0.674805 0.200195 0.212891 0.162109
0 0.132324 0.401367 0.198242 0.162109
0 0.277832 0.178711 0.196289 0.134766
0 0.723633 0.333984 0.275391 0.216797
0 0.763672 0.864258 0.193359 0.248047
0 0.501953 0.668457 0.255859 0.313477
0 0.253906 0.458496 0.169922 0.137695
0 0.894531 0.594727 0.130859 0.177734
0 0.201172 0.787598 0.232422 0.196289
0 0.847168 0.879395 0.266602 0.219727
0 0.376953 0.151855 0.201172 0.180664
1 0.190918 0.505859 0.034180 0.056641
3 0.050781 0.777832 0.060547 0.030273
3 0.825195 0.479004 0.050781 0.057617
3 0.479492 0.132324 0.044922 0.049805
3 0.616211 0.523926 0.097656 0.100586