0 0.147461 0.351074 0.222656 0.168945
0 0.850098 0.648438 0.229492 0.171875
0 0.346191 0.119629 0.124023 0.196289
0 0.729980 0.657715 0.206055 0.180664
0 0.122070 0.189453 0.175781 0.119141
0 0.723145 0.532227 0.219727 0.259766
4 0.417969 0.591797 0.173828 0.142578
4 0.791504 0.797852 0.143555 0.138672
4 0.522461 0.199219 0.140625 0.128906
1 0.098145 0.480957 0.030273 0.055664
1 0.440918 0.575684 0.083008 0.096680
3 0.128906 0.580078 0.062500 0.064453
3 0.808594 0.796875 0.058594 0.060547
3 0.479492 0.718750 0.089844 0.089844
3 0.719238 0.896484 0.098633 0.103516
3 0.512207 0.960449 0.067383 0.079102
3 0.039062 0.234863 0.064453 0.071289