0 0.260254 0.740723 0.264648 0.215820
0 0.723145 0.152832 0.249023 0.184570
0 0.164551 0.484375 0.188477 0.138672
0 0.346680 0.574219 0.304688 0.244141
0 0.748047 0.730469 0.289062 0.220703
0 0.617188 0.520508 0.183594 0.130859
0 0.534180 0.244629 0.281250 0.225586
0 0.730469 0.303711 0.205078 0.232422
0 0.718262 0.383789 0.139648 0.197266
0 0.668457 0.692871 0.213867 0.176758
0 0.467285 0.128906 0.208008 0.183594
2 0.375000 0.324219 0.083984 0.056641
2 0.244629 0.314453 0.092773 0.070312
2 0.338867 0.163574 0.103516 0.094727
3 0.168457 0.163574 0.053711 0.032227
3 0.622559 0.752441 0.077148 0.045898