0 0.184082 0.698730 0.223633 0.174805
0 0.885254 0.540039 0.188477 0.138672
0 0.188965 0.765625 0.208008 0.179688
0 0.295410 0.464844 0.215820 0.164062
0 0.371582 0.521484 0.256836 0.208984
0 0.697754 0.550781 0.213867 0.166016
0 0.680664 0.833008 0.183594 0.185547
0 0.726562 0.673340 0.207031 0.278320
0 0.819336 0.618652 0.228516 0.163086
0 0.467285 0.289062 0.188477 0.246094
0 0.175293 0.436035 0.227539 0.192383
0 0.767090 0.458496 0.219727 0.180664
0 0.412109 0.636230 0.281250 0.202148
4 0.330566 0.620117 0.190430 0.164062
4 0.652832 0.314941 0.157227 0.163086
1 0.603516 0.699219 0.054688 0.058594
1 0.835449 0.695312 0.084961 0.085938
1 0.941895 0.661133 0.092773 0.091797
1 0.912109 0.775391 0.060547 0.060547
1 0.198730 0.122070 0.081055 0.083984
1 0.040039 0.713379 0.060547 0.092773
1 0.250000 0.879395 0.035156 0.053711
3 0.082520 0.752441 0.071289 0.077148
3 0.562500 0.565918 0.044922 0.049805