0 0.278809 0.372559 0.159180 0.198242
0 0.605469 0.425293 0.212891 0.249023
0 0.319824 0.177246 0.194336 0.151367
0 0.438477 0.247070 0.214844 0.265625
0 0.508789 0.498047 0.187500 0.158203
0 0.100586 0.736328 0.171875 0.146484
0 0.608887 0.902344 0.206055 0.166016
0 0.588379 0.687500 0.202148 0.236328
0 0.401367 0.617676 0.166016 0.125977
0 0.626465 0.227539 0.178711 0.148438
0 0.166992 0.451172 0.109375 0.169922
0 0.258301 0.773926 0.182617 0.141602
0 0.546387 0.166504 0.223633 0.170898
4 0.524902 0.652832 0.122070 0.114258
4 0.837402 0.560059 0.198242 0.153320
4 0.279785 0.128906 0.190430 0.216797
2 0.698242 0.664062 0.082031 0.095703
2 0.878418 0.659180 0.122070 0.119141
1 0.659668 0.706055 0.028320 0.046875
3 0.669922 0.470215 0.039062 0.043945
3 0.876953 0.328125 0.080078 0.082031
3 0.479492 0.172852 0.080078 0.082031
3 0.306152 0.681641 0.079102 0.082031
3 0.048340 0.361328 0.067383 0.091797