0 0.150879 0.745605 0.188477 0.249023
0 0.766113 0.233887 0.235352 0.178711
0 0.702637 0.735352 0.186523 0.167969
0 0.256836 0.228027 0.181641 0.161133
0 0.229980 0.855957 0.125977 0.170898
0 0.241211 0.756348 0.203125 0.155273
0 0.749023 0.469238 0.183594 0.141602
4 0.507812 0.745605 0.146484 0.118164
4 0.431152 0.632812 0.161133 0.121094
4 0.266113 0.913574 0.153320 0.124023
2 0.710938 0.676758 0.117188 0.103516
2 0.873535 0.917480 0.092773 0.077148
2 0.054688 0.916504 0.087891 0.081055
2 0.885742 0.867676 0.076172 0.063477
1 0.902344 0.504883 0.056641 0.080078
1 0.090820 0.179199 0.074219 0.073242
1 0.518066 0.051270 0.088867 0.094727
1 0.486816 0.317383 0.077148 0.083984