0 0.220215 0.761230 0.245117 0.280273
0 0.351074 0.569336 0.184570 0.220703
0 0.340820 0.376953 0.291016 0.244141
0 0.861816 0.095703 0.202148 0.158203
0 0.701660 0.438477 0.194336 0.150391
0 0.155762 0.893066 0.202148 0.172852
4 0.367676 0.885254 0.106445 0.081055
4 0.914062 0.322754 0.171875 0.120117
2 0.392578 0.838867 0.080078 0.091797
2 0.953125 0.113770 0.074219 0.061523
1 0.603027 0.879883 0.086914 0.091797
1 0.093750 0.835449 0.068359 0.084961
1 0.455078 0.233887 0.101562 0.100586
1 0.343262 0.649414 0.067383 0.066406
1 0.815430 0.694336 0.056641 0.056641
1 0.144531 0.713867 0.050781 0.078125
1 0.617676 0.479492 0.088867 0.087891
1 0.522461 0.953125 0.060547 0.066406
3 0.105469 0.030762 0.048828 0.028320
3 0.453125 0.530273 0.052734 0.054688
3 0.164551 0.084473 0.073242 0.083008