0 0.593262 0.620117 0.250977 0.287109
0 0.178223 0.646973 0.186523 0.155273
0 0.762695 0.201660 0.177734 0.209961
0 0.818848 0.687988 0.180664 0.159180
0 0.175293 0.571289 0.176758 0.146484
4 0.696289 0.745605 0.154297 0.131836
4 0.543945 0.737305 0.164062 0.136719
4 0.676270 0.828125 0.151367 0.109375
2 0.748535 0.479980 0.073242 0.057617
2 0.212402 0.253418 0.096680 0.110352
2 0.610840 0.828125 0.100586 0.091797
1 0.761719 0.760742 0.050781 0.056641
1 0.023438 0.477051 0.041016 0.053711
1 0.642090 0.418945 0.083008 0.083984
1 0.850098 0.899902 0.063477 0.065430
1 0.157715 0.219727 0.088867 0.087891
1 0.667969 0.320801 0.068359 0.075195
3 0.952637 0.570801 0.051758 0.053711
3 0.153320 0.215820 0.078125 0.041016
3 0.810547 0.261719 0.058594 0.076172
3 0.043457 0.055176 0.057617 0.059570
3 0.426270 0.229492 0.071289 0.074219