0 0.336426 0.120605 0.213867 0.178711
0 0.703125 0.416504 0.216797 0.178711
0 0.836426 0.472168 0.139648 0.190430
0 0.483887 0.295410 0.250977 0.188477
0 0.300781 0.898438 0.160156 0.115234
0 0.286133 0.662598 0.251953 0.229492
4 0.132812 0.074707 0.142578 0.088867
2 0.486328 0.689453 0.080078 0.093750
2 0.463379 0.788086 0.092773 0.103516
2 0.915039 0.889160 0.070312 0.057617
2 0.833984 0.282227 0.066406 0.050781
1 0.518066 0.328613 0.041992 0.057617
1 0.490723 0.287109 0.034180 0.056641
1 0.216797 0.707520 0.111328 0.112305
3 0.727051 0.336426 0.071289 0.083008
3 0.787109 0.847656 0.052734 0.037109
3 0.636230 0.574707 0.034180 0.057617
3 0.953613 0.766602 0.049805 0.072266
3 0.226074 0.895508 0.086914 0.058594
3 0.392578 0.562500 0.062500 0.064453