0 0.637207 0.097168 0.166992 0.114258
0 0.560547 0.742676 0.214844 0.245117
0 0.237793 0.552734 0.254883 0.197266
0 0.672363 0.144531 0.147461 0.199219
0 0.478027 0.833984 0.208008 0.166016
0 0.843750 0.233887 0.193359 0.249023
0 0.546387 0.315918 0.190430 0.243164
0 0.750977 0.189941 0.177734 0.127930
0 0.279297 0.135742 0.201172 0.232422
0 0.403320 0.123535 0.267578 0.233398
0 0.326660 0.519531 0.229492 0.273438
0 0.866699 0.403809 0.159180 0.184570
0 0.261719 0.320312 0.191406 0.228516
0 0.470215 0.315430 0.252930 0.212891
4 0.312012 0.172363 0.139648 0.116211
4 0.284668 0.422852 0.163086 0.126953
2 0.315918 0.663086 0.090820 0.082031
1 0.709473 0.373047 0.077148 0.080078
1 0.172852 0.674805 0.091797 0.095703
1 0.107422 0.334473 0.068359 0.067383
1 0.557617 0.750977 0.062500 0.078125
1 0.653320 0.901855 0.060547 0.090820
1 0.428711 0.470215 0.099609 0.100586
1 0.394043 0.511719 0.073242 0.072266
1 0.915039 0.131836 0.050781 0.058594