0 0.233398 0.350098 0.238281 0.192383
0 0.709473 0.227051 0.200195 0.252930
0 0.227539 0.407715 0.150391 0.131836
0 0.887695 0.364746 0.195312 0.149414
0 0.178223 0.739746 0.182617 0.155273
0 0.599609 0.363770 0.214844 0.184570
4 0.479004 0.256348 0.176758 0.168945
4 0.245605 0.922852 0.116211 0.130859
4 0.840820 0.658203 0.156250 0.134766
2 0.618164 0.891113 0.060547 0.043945
2 0.528809 0.889648 0.104492 0.082031
2 0.702148 0.242676 0.064453 0.047852
1 0.073730 0.290039 0.069336 0.072266
1 0.158691 0.737793 0.047852 0.073242
1 0.387695 0.077148 0.041016 0.052734
1 0.551758 0.420410 0.078125 0.081055
1 0.402832 0.724609 0.065430 0.070312
1 0.729492 0.566895 0.093750 0.102539
1 0.133789 0.865723 0.062500 0.071289
1 0.731445 0.795410 0.039062 0.077148
3 0.485840 0.858887 0.065430 0.067383
3 0.117188 0.583984 0.087891 0.095703
3 0.063965 0.546875 0.041992 0.025391
3 0.589844 0.081543 0.074219 0.079102