0 0.800781 0.468750 0.181641 0.220703
0 0.508301 0.115234 0.252930 0.203125
0 0.619141 0.403809 0.205078 0.184570
0 0.840332 0.125977 0.262695 0.222656
0 0.670410 0.169922 0.133789 0.179688
0 0.766602 0.235840 0.236328 0.186523
0 0.197754 0.256836 0.213867 0.164062
0 0.776855 0.783203 0.243164 0.191406
0 0.704590 0.736816 0.176758 0.215820
0 0.716797 0.516602 0.210938 0.156250
0 0.564941 0.325684 0.235352 0.174805
0 0.206055 0.456543 0.173828 0.127930
0 0.233398 0.781250 0.234375 0.201172
0 0.672363 0.872070 0.223633 0.152344
4 0.142578 0.717773 0.142578 0.156250
4 0.454102 0.270020 0.207031 0.159180
4 0.840332 0.443848 0.147461 0.122070
2 0.124512 0.121094 0.059570 0.066406
2 0.679199 0.069824 0.118164 0.100586
2 0.397949 0.943359 0.094727 0.083984
2 0.146484 0.176270 0.085938 0.077148
1 0.572754 0.244629 0.073242 0.081055
1 0.302734 0.370605 0.070312 0.092773
1 0.629395 0.473145 0.081055 0.088867
1 0.629883 0.282227 0.044922 0.054688
3 0.779297 0.850586 0.089844 0.091797
3 0.845215 0.352539 0.043945 0.046875