0 0.314453 0.250488 0.185547 0.155273
0 0.345703 0.325195 0.298828 0.230469
0 0.391113 0.240723 0.311523 0.256836
0 0.465820 0.739258 0.230469 0.289062
0 0.602051 0.215820 0.208008 0.253906
0 0.163574 0.855469 0.221680 0.232422
0 0.113281 0.678223 0.185547 0.141602
4 0.063965 0.700684 0.059570 0.104492
4 0.193359 0.189941 0.121094 0.083008
2 0.768066 0.139648 0.055664 0.037109
2 0.675781 0.908203 0.107422 0.105469
2 0.201172 0.843262 0.074219 0.069336
1 0.564941 0.511230 0.057617 0.071289
1 0.374512 0.129883 0.041992 0.062500
3 0.940918 0.281738 0.057617 0.061523
3 0.297852 0.123047 0.048828 0.078125
3 0.184570 0.734863 0.058594 0.030273
3 0.928711 0.931641 0.062500 0.044922