0 0.817871 0.416504 0.149414 0.190430
0 0.264160 0.586914 0.184570 0.136719
0 0.643066 0.636719 0.284180 0.246094
0 0.419922 0.167969 0.210938 0.164062
0 0.770020 0.569336 0.243164 0.203125
0 0.267578 0.260254 0.162109 0.241211
0 0.682617 0.146973 0.201172 0.170898
0 0.200195 0.451172 0.251953 0.232422
0 0.460449 0.859863 0.245117 0.213867
0 0.220215 0.833008 0.215820 0.273438
4 0.643066 0.600586 0.153320 0.109375
2 0.604492 0.861328 0.072266 0.078125
1 0.345703 0.884277 0.031250 0.051758
1 0.679199 0.940430 0.077148 0.085938
1 0.083984 0.561035 0.070312 0.073242
3 0.208008 0.945801 0.041016 0.024414
3 0.747559 0.090820 0.081055 0.085938
3 0.134766 0.096191 0.050781 0.079102
3 0.062988 0.578613 0.075195 0.077148