0 0.278320 0.187500 0.210938 0.195312
0 0.312500 0.454102 0.199219 0.158203
0 0.902832 0.749023 0.184570 0.240234
0 0.491699 0.636719 0.166992 0.210938
0 0.629883 0.691406 0.205078 0.167969
0 0.875977 0.562500 0.216797 0.162109
0 0.330078 0.238770 0.167969 0.225586
0 0.545410 0.220215 0.206055 0.166992
0 0.224609 0.248535 0.259766 0.200195
0 0.650391 0.816406 0.205078 0.253906
4 0.800781 0.563965 0.162109 0.161133
4 0.070801 0.905273 0.127930 0.109375
4 0.401855 0.602051 0.182617 0.161133
2 0.437012 0.672363 0.083008 0.065430
2 0.722168 0.755859 0.071289 0.087891
2 0.944336 0.077148 0.074219 0.064453
1 0.266113 0.717773 0.081055 0.080078
1 0.170898 0.145996 0.091797 0.098633
3 0.899902 0.370117 0.057617 0.064453
3 0.148438 0.874512 0.070312 0.071289
3 0.518066 0.881348 0.053711 0.057617