0 0.734375 0.469727 0.207031 0.160156
0 0.880371 0.318848 0.217773 0.186523
0 0.638184 0.336426 0.225586 0.159180
0 0.537109 0.130859 0.261719 0.193359
0 0.725586 0.617188 0.257812 0.187500
0 0.396484 0.247559 0.220703 0.278320
4 0.223145 0.588867 0.186523 0.138672
4 0.852051 0.229492 0.211914 0.203125
2 0.352539 0.784668 0.064453 0.079102
2 0.629883 0.155762 0.117188 0.094727
2 0.351074 0.935059 0.094727 0.079102
1 0.577637 0.189941 0.098633 0.108398
1 0.047363 0.637207 0.059570 0.063477
3 0.624023 0.837891 0.083984 0.062500
3 0.824219 0.702637 0.087891 0.092773
3 0.564941 0.341309 0.086914 0.092773
3 0.812988 0.542969 0.083008 0.085938