0 0.629395 0.665039 0.161133 0.156250
0 0.488770 0.438965 0.266602 0.200195
0 0.543457 0.642090 0.213867 0.184570
0 0.377930 0.642090 0.210938 0.225586
0 0.416016 0.155273 0.224609 0.173828
0 0.669434 0.668457 0.184570 0.256836
0 0.673828 0.833008 0.218750 0.177734
4 0.840820 0.438477 0.132812 0.121094
4 0.914551 0.429688 0.147461 0.123047
4 0.432617 0.863281 0.099609 0.152344
2 0.032227 0.847168 0.058594 0.065430
2 0.835449 0.695312 0.067383 0.054688
2 0.935059 0.138672 0.108398 0.078125
2 0.362793 0.629883 0.090820 0.072266
1 0.887695 0.171387 0.087891 0.102539
1 0.084961 0.533691 0.074219 0.077148
1 0.762695 0.537598 0.072266 0.083008
1 0.364746 0.693359 0.063477 0.078125
1 0.872070 0.113770 0.060547 0.067383
3 0.127441 0.607910 0.077148 0.079102
3 0.055176 0.347656 0.032227 0.054688
3 0.641602 0.720215 0.087891 0.090820
3 0.619141 0.229004 0.060547 0.065430