0 0.562988 0.276855 0.172852 0.139648
0 0.150879 0.229004 0.124023 0.186523
0 0.200195 0.350586 0.238281 0.191406
0 0.239746 0.705566 0.264648 0.198242
0 0.645508 0.558594 0.160156 0.183594
4 0.417480 0.071289 0.122070 0.091797
2 0.221680 0.056152 0.070312 0.063477
2 0.724609 0.768066 0.111328 0.106445
2 0.483887 0.498535 0.079102 0.065430
1 0.570801 0.361816 0.075195 0.086914
1 0.090332 0.325195 0.073242 0.074219
1 0.467773 0.894043 0.083984 0.086914
1 0.600586 0.218750 0.044922 0.054688
1 0.591797 0.049316 0.093750 0.096680
3 0.205566 0.952148 0.049805 0.076172