0 0.779297 0.460938 0.263672 0.306641
0 0.145020 0.482422 0.163086 0.238281
0 0.544434 0.683105 0.282227 0.227539
0 0.312988 0.518066 0.243164 0.178711
0 0.316406 0.168945 0.167969 0.152344
0 0.635254 0.865723 0.254883 0.180664
0 0.238770 0.583984 0.206055 0.169922
0 0.740234 0.513184 0.226562 0.159180
0 0.202148 0.167480 0.281250 0.215820
2 0.691406 0.728027 0.117188 0.114258
2 0.758301 0.941406 0.096680 0.085938
1 0.411621 0.320312 0.063477 0.066406
1 0.350098 0.374512 0.055664 0.063477
1 0.569336 0.605957 0.080078 0.081055
1 0.242676 0.735352 0.063477 0.062500
1 0.870117 0.261719 0.101562 0.109375
1 0.448730 0.169434 0.059570 0.061523
1 0.675293 0.863770 0.079102 0.098633
1 0.826172 0.878906 0.050781 0.052734
3 0.833984 0.295898 0.101562 0.101562
3 0.284668 0.415527 0.073242 0.075195