0 0.647949 0.485352 0.204102 0.173828
0 0.208984 0.867676 0.236328 0.208008
0 0.221191 0.434570 0.217773 0.160156
0 0.443848 0.629883 0.122070 0.167969
0 0.628906 0.779785 0.193359 0.166992
0 0.286133 0.783203 0.164062 0.138672
4 0.228027 0.407715 0.125977 0.096680
4 0.534180 0.808594 0.128906 0.107422
1 0.900391 0.435547 0.068359 0.070312
1 0.882324 0.372559 0.086914 0.092773
1 0.617188 0.435059 0.072266 0.079102
1 0.340332 0.845215 0.053711 0.084961
1 0.373535 0.271973 0.026367 0.051758
1 0.793945 0.600098 0.046875 0.090820
1 0.634277 0.094727 0.071289 0.078125
1 0.070801 0.318359 0.047852 0.050781
3 0.178223 0.042480 0.034180 0.057617