0 0.508789 0.149902 0.232422 0.178711
0 0.878906 0.485352 0.224609 0.189453
0 0.869141 0.745605 0.216797 0.256836
0 0.870117 0.590332 0.203125 0.245117
0 0.308594 0.496582 0.267578 0.217773
4 0.155762 0.174316 0.112305 0.083008
2 0.365234 0.187012 0.064453 0.071289
1 0.551758 0.673828 0.052734 0.058594
1 0.585449 0.607422 0.073242 0.078125
1 0.604980 0.684082 0.071289 0.088867
1 0.687988 0.298828 0.075195 0.099609
3 0.082520 0.700684 0.041992 0.043945
3 0.647461 0.761230 0.033203 0.047852
3 0.139160 0.411133 0.096680 0.099609
3 0.162598 0.794434 0.075195 0.077148