0 0.289062 0.229980 0.253906 0.188477
0 0.395508 0.773438 0.175781 0.134766
0 0.288086 0.437988 0.181641 0.137695
0 0.277832 0.711914 0.249023 0.203125
0 0.613770 0.343262 0.165039 0.215820
0 0.781250 0.356445 0.167969 0.203125
0 0.846191 0.322266 0.217773 0.160156
0 0.432617 0.755859 0.228516 0.248047
0 0.668457 0.219727 0.219727 0.197266
0 0.767578 0.548340 0.187500 0.209961
0 0.777344 0.303711 0.283203 0.236328
0 0.585938 0.182617 0.236328 0.279297
4 0.114746 0.916504 0.170898 0.157227
4 0.861816 0.651367 0.151367 0.119141
2 0.159668 0.565430 0.079102 0.091797
1 0.145020 0.227539 0.098633 0.105469
1 0.131836 0.406250 0.042969 0.082031
1 0.606445 0.751465 0.087891 0.090820
1 0.743652 0.746094 0.104492 0.103516
3 0.292969 0.644531 0.054688 0.060547