0 0.236816 0.388672 0.211914 0.166016
0 0.633301 0.323730 0.290039 0.247070
0 0.535156 0.840332 0.197266 0.174805
0 0.534668 0.718750 0.239258 0.169922
0 0.593750 0.427734 0.246094 0.296875
0 0.835938 0.316895 0.183594 0.157227
0 0.282227 0.458496 0.136719 0.166992
0 0.769043 0.171387 0.170898 0.116211
0 0.589844 0.689453 0.179688 0.128906
0 0.844727 0.880859 0.244141 0.201172
0 0.273926 0.169922 0.211914 0.261719
0 0.604492 0.154785 0.253906 0.202148
0 0.792480 0.618164 0.254883 0.212891
0 0.135254 0.437500 0.186523 0.251953
2 0.676270 0.182617 0.086914 0.068359
2 0.130371 0.811523 0.112305 0.105469
2 0.189941 0.541016 0.108398 0.091797
2 0.525391 0.715820 0.070312 0.064453
1 0.844238 0.111816 0.055664 0.063477
1 0.475586 0.371582 0.103516 0.110352
1 0.776367 0.494629 0.052734 0.092773
3 0.621094 0.811523 0.033203 0.048828
3 0.613770 0.882324 0.073242 0.041992
3 0.029785 0.248535 0.040039 0.059570
3 0.606934 0.350098 0.086914 0.086914
3 0.731445 0.308105 0.070312 0.073242
3 0.532715 0.502930 0.063477 0.064453