0 0.479980 0.654785 0.200195 0.223633
0 0.406738 0.679199 0.194336 0.153320
0 0.249512 0.790039 0.264648 0.216797
0 0.161133 0.509766 0.146484 0.154297
0 0.398926 0.885254 0.165039 0.139648
0 0.154297 0.191406 0.189453 0.162109
0 0.105469 0.908203 0.205078 0.162109
0 0.622559 0.668945 0.194336 0.154297
0 0.160645 0.694824 0.174805 0.155273
0 0.274414 0.177246 0.201172 0.168945
0 0.568359 0.708984 0.130859 0.162109
0 0.225586 0.793945 0.128906 0.179688
4 0.872559 0.449219 0.190430 0.154297
4 0.490234 0.442383 0.158203 0.117188
2 0.481445 0.043457 0.064453 0.049805
2 0.202637 0.312500 0.088867 0.070312
2 0.747070 0.376465 0.078125 0.067383
2 0.111816 0.448242 0.090820 0.083984
1 0.418457 0.965820 0.055664 0.068359
1 0.157715 0.529785 0.088867 0.100586
1 0.374023 0.244629 0.087891 0.088867
1 0.309082 0.896484 0.083008 0.082031
1 0.063965 0.825195 0.090820 0.089844
1 0.833984 0.635742 0.082031 0.089844