0 0.257812 0.555664 0.232422 0.183594
0 0.870117 0.712402 0.197266 0.165039
0 0.488281 0.823730 0.169922 0.147461
0 0.186523 0.369141 0.244141 0.173828
0 0.535156 0.607422 0.164062 0.205078
0 0.585449 0.827148 0.229492 0.162109
0 0.132324 0.687012 0.231445 0.188477
4 0.354492 0.198730 0.117188 0.086914
4 0.394043 0.781250 0.116211 0.123047
2 0.421875 0.871094 0.105469 0.085938
1 0.347656 0.613281 0.056641 0.066406
1 0.440430 0.603027 0.074219 0.073242
1 0.856934 0.643066 0.045898 0.055664
1 0.950684 0.851074 0.061523 0.065430
1 0.430176 0.162109 0.077148 0.095703
1 0.917969 0.613770 0.054688 0.059570
1 0.436523 0.215332 0.042969 0.059570
3 0.291016 0.459473 0.087891 0.090820
3 0.373047 0.076660 0.078125 0.081055
3 0.766113 0.932617 0.090820 0.093750