0 0.712402 0.866699 0.208008 0.208008
0 0.857422 0.270020 0.142578 0.161133
0 0.155273 0.212402 0.121094 0.161133
0 0.293457 0.281738 0.213867 0.184570
0 0.367188 0.766602 0.210938 0.181641
4 0.057129 0.180664 0.106445 0.087891
4 0.620117 0.483887 0.138672 0.106445
4 0.895020 0.729980 0.174805 0.170898
2 0.816406 0.800781 0.078125 0.085938
1 0.338379 0.563965 0.065430 0.086914
1 0.182617 0.486328 0.050781 0.052734
1 0.443359 0.901855 0.037109 0.061523
3 0.111328 0.300781 0.080078 0.082031
3 0.918457 0.118164 0.045898 0.066406
3 0.043457 0.299805 0.047852 0.048828
3 0.286133 0.076660 0.064453 0.071289
3 0.548340 0.414551 0.043945 0.045898