0 0.236816 0.644531 0.233398 0.173828
0 0.579590 0.221191 0.233398 0.163086
0 0.452148 0.826660 0.234375 0.206055
0 0.344727 0.651855 0.265625 0.178711
0 0.544922 0.367676 0.205078 0.264648
0 0.268066 0.381836 0.182617 0.144531
0 0.693848 0.791016 0.155273 0.208984
4 0.229492 0.745117 0.156250 0.183594
2 0.249512 0.741699 0.096680 0.090820
2 0.705078 0.520508 0.083984 0.080078
1 0.761230 0.149414 0.061523 0.068359
1 0.762207 0.292480 0.067383 0.069336
1 0.308105 0.559082 0.081055 0.088867
1 0.920410 0.891113 0.061523 0.061523
3 0.912598 0.579590 0.051758 0.057617
3 0.541016 0.836914 0.037109 0.042969
3 0.618164 0.189453 0.078125 0.080078
3 0.809082 0.929688 0.081055 0.082031
3 0.288574 0.902832 0.069336 0.071289