0 0.391602 0.137207 0.228516 0.161133
0 0.481934 0.718750 0.184570 0.154297
0 0.798340 0.448242 0.196289 0.261719
0 0.702148 0.829590 0.173828 0.206055
0 0.406250 0.549805 0.257812 0.294922
0 0.231445 0.399902 0.269531 0.202148
4 0.350098 0.843262 0.151367 0.110352
1 0.568848 0.744141 0.081055 0.087891
1 0.342773 0.108887 0.029297 0.051758
1 0.532227 0.832031 0.052734 0.068359
1 0.703613 0.416504 0.059570 0.063477
1 0.774414 0.741211 0.066406 0.078125
1 0.277344 0.346191 0.105469 0.104492
1 0.757324 0.919434 0.049805 0.057617
3 0.939941 0.759277 0.071289 0.073242
3 0.133789 0.805664 0.056641 0.037109
3 0.365723 0.167969 0.051758 0.054688
3 0.629395 0.319824 0.047852 0.049805