0 0.763184 0.591797 0.217773 0.167969
0 0.815430 0.303711 0.210938 0.166016
0 0.534180 0.107910 0.232422 0.172852
0 0.791016 0.803711 0.203125 0.160156
0 0.332520 0.657715 0.094727 0.166992
0 0.673828 0.566895 0.244141 0.157227
0 0.894531 0.370117 0.158203 0.183594
4 0.328125 0.337891 0.195312 0.167969
4 0.819824 0.615723 0.124023 0.088867
4 0.559570 0.802246 0.146484 0.116211
2 0.903320 0.612793 0.115234 0.110352
2 0.244629 0.921875 0.114258 0.111328
2 0.487305 0.802246 0.074219 0.065430
2 0.913086 0.378418 0.072266 0.069336
1 0.741211 0.795898 0.060547 0.060547
1 0.371094 0.943359 0.080078 0.087891
1 0.903320 0.427246 0.046875 0.088867
1 0.367188 0.363281 0.101562 0.107422
1 0.696777 0.829102 0.065430 0.072266
1 0.382324 0.674805 0.114258 0.113281