0 0.491211 0.682617 0.214844 0.242188
0 0.641602 0.900879 0.199219 0.157227
0 0.211426 0.843262 0.145508 0.118164
0 0.214355 0.235840 0.239258 0.202148
0 0.458984 0.532715 0.181641 0.157227
0 0.419434 0.414551 0.194336 0.262695
0 0.782715 0.463867 0.256836 0.207031
0 0.329102 0.462402 0.201172 0.159180
0 0.389160 0.881348 0.149414 0.180664
4 0.644531 0.135742 0.101562 0.130859
2 0.118164 0.063477 0.101562 0.099609
1 0.659668 0.560547 0.040039 0.048828
3 0.785645 0.857422 0.045898 0.046875
3 0.637695 0.084473 0.058594 0.059570