0 0.774414 0.747070 0.230469 0.185547
0 0.500977 0.541504 0.179688 0.133789
0 0.851562 0.608398 0.238281 0.228516
0 0.812012 0.121582 0.282227 0.233398
0 0.132324 0.784180 0.247070 0.216797
0 0.339844 0.600098 0.142578 0.184570
0 0.293457 0.736816 0.204102 0.161133
0 0.894531 0.354492 0.191406 0.183594
0 0.331543 0.252441 0.284180 0.221680
0 0.809570 0.202148 0.224609 0.214844
0 0.448242 0.455078 0.201172 0.167969
0 0.274902 0.194824 0.229492 0.190430
0 0.479980 0.794922 0.237305 0.191406
0 0.142090 0.214355 0.233398 0.182617
4 0.072266 0.110840 0.080078 0.108398
4 0.744629 0.343750 0.131836 0.095703
2 0.228516 0.183105 0.072266 0.084961
2 0.457520 0.548828 0.077148 0.085938