0 0.752441 0.655762 0.206055 0.178711
0 0.545410 0.803223 0.219727 0.153320
0 0.543457 0.399414 0.127930 0.126953
0 0.745117 0.180176 0.189453 0.206055
0 0.197266 0.251465 0.291016 0.258789
0 0.491211 0.457031 0.144531 0.185547
0 0.871094 0.786133 0.091797 0.150391
0 0.783691 0.498535 0.155273 0.190430
4 0.183105 0.362793 0.188477 0.159180
4 0.267090 0.825195 0.147461 0.144531
4 0.187500 0.771484 0.175781 0.117188
1 0.873047 0.065918 0.093750 0.096680
1 0.085938 0.090332 0.101562 0.108398
3 0.642578 0.113770 0.048828 0.049805
3 0.340820 0.830078 0.076172 0.044922