0 0.796875 0.379395 0.167969 0.127930
0 0.833984 0.227539 0.189453 0.253906
0 0.137695 0.412598 0.123047 0.204102
0 0.457520 0.727539 0.266602 0.201172
0 0.543457 0.811523 0.241211 0.171875
4 0.803711 0.262207 0.123047 0.108398
4 0.367676 0.854980 0.153320 0.122070
4 0.625000 0.134277 0.146484 0.125977
1 0.515625 0.845215 0.058594 0.069336
1 0.225586 0.797363 0.048828 0.053711
1 0.847168 0.214844 0.057617 0.056641
1 0.106445 0.029785 0.058594 0.057617
1 0.187012 0.735352 0.108398 0.111328
1 0.238281 0.922363 0.035156 0.063477
1 0.156738 0.312500 0.073242 0.078125
3 0.462891 0.913086 0.058594 0.064453
3 0.607910 0.808594 0.047852 0.052734
3 0.885742 0.920898 0.070312 0.082031