0 0.644043 0.166504 0.266602 0.211914
0 0.251953 0.868164 0.250000 0.212891
0 0.528809 0.281250 0.221680 0.169922
0 0.205566 0.439453 0.219727 0.171875
0 0.645508 0.263672 0.179688 0.248047
0 0.199219 0.542480 0.181641 0.165039
0 0.577637 0.238770 0.235352 0.301758
0 0.391113 0.370117 0.239258 0.197266
4 0.730469 0.783203 0.152344 0.146484
4 0.827637 0.415039 0.170898 0.171875
2 0.135254 0.245117 0.071289 0.080078
2 0.134766 0.625000 0.074219 0.085938
2 0.125000 0.323242 0.074219 0.068359
2 0.831055 0.651855 0.117188 0.088867
1 0.830566 0.122070 0.084961 0.085938
1 0.686035 0.196289 0.090820 0.089844
1 0.696289 0.219238 0.070312 0.069336
1 0.930176 0.114258 0.075195 0.080078
3 0.643066 0.291504 0.059570 0.032227
3 0.624512 0.662598 0.067383 0.069336
3 0.917969 0.179199 0.064453 0.067383
3 0.281738 0.406250 0.045898 0.048828