0 0.720703 0.594238 0.234375 0.182617
0 0.235352 0.727051 0.195312 0.131836
0 0.771484 0.481445 0.152344 0.205078
0 0.486328 0.168457 0.185547 0.245117
0 0.264648 0.129883 0.197266 0.250000
0 0.223633 0.655762 0.269531 0.223633
0 0.429199 0.516602 0.166992 0.125000
0 0.851074 0.634766 0.213867 0.195312
0 0.782715 0.617188 0.198242 0.162109
0 0.439941 0.811035 0.254883 0.182617
0 0.539062 0.498535 0.228516 0.182617
4 0.342285 0.574219 0.120117 0.091797
4 0.534180 0.546875 0.132812 0.126953
4 0.187988 0.420410 0.165039 0.163086
1 0.232910 0.912109 0.051758 0.056641
1 0.674805 0.919922 0.062500 0.070312
3 0.900391 0.082520 0.072266 0.079102
3 0.358398 0.507324 0.087891 0.090820