0 0.677734 0.356934 0.185547 0.139648
0 0.355957 0.775879 0.182617 0.147461
0 0.514160 0.866211 0.260742 0.177734
0 0.732910 0.683594 0.260742 0.210938
0 0.557129 0.806641 0.221680 0.218750
0 0.138184 0.434082 0.272461 0.174805
4 0.391113 0.348633 0.110352 0.144531
4 0.220703 0.826172 0.140625 0.132812
4 0.181152 0.589844 0.163086 0.140625
2 0.480469 0.918945 0.113281 0.095703
1 0.859863 0.595703 0.065430 0.093750
1 0.587402 0.746582 0.063477 0.079102
1 0.458984 0.261719 0.042969 0.052734
1 0.897461 0.541504 0.099609 0.098633
1 0.960449 0.667480 0.040039 0.073242
1 0.631836 0.714355 0.058594 0.057617
1 0.324219 0.597168 0.097656 0.098633
3 0.688477 0.833984 0.066406 0.074219
3 0.875977 0.457520 0.042969 0.026367
3 0.724609 0.369629 0.044922 0.049805
3 0.917969 0.819336 0.050781 0.052734
3 0.170410 0.553711 0.063477 0.041016
3 0.767578 0.582520 0.093750 0.096680