0 0.391113 0.637207 0.159180 0.124023
0 0.724609 0.899902 0.179688 0.143555
0 0.376953 0.438965 0.238281 0.198242
0 0.451172 0.795898 0.199219 0.187500
0 0.743164 0.401855 0.292969 0.239258
0 0.493652 0.550781 0.186523 0.119141
0 0.276855 0.354980 0.131836 0.182617
0 0.350586 0.239258 0.169922 0.195312
0 0.130859 0.850098 0.220703 0.170898
0 0.411621 0.331543 0.194336 0.159180
0 0.649414 0.140625 0.197266 0.253906
0 0.572266 0.636230 0.232422 0.170898
0 0.663086 0.505859 0.183594 0.246094
2 0.918945 0.882324 0.089844 0.075195
2 0.387695 0.666016 0.099609 0.085938
3 0.071289 0.654297 0.072266 0.074219