0 0.406250 0.106934 0.160156 0.133789
0 0.250000 0.840820 0.203125 0.152344
0 0.482422 0.645508 0.228516 0.185547
0 0.330078 0.377441 0.220703 0.145508
0 0.828125 0.306152 0.291016 0.241211
0 0.509766 0.157227 0.230469 0.187500
0 0.557617 0.765625 0.187500 0.193359
0 0.865723 0.819824 0.231445 0.297852
0 0.613281 0.212402 0.205078 0.155273
0 0.442871 0.759766 0.237305 0.166016
4 0.399414 0.834473 0.078125 0.153320
4 0.300293 0.456543 0.166992 0.155273
2 0.507324 0.074707 0.069336 0.049805
1 0.789062 0.130859 0.046875 0.048828
1 0.240234 0.721191 0.080078 0.083008
1 0.943848 0.713379 0.053711 0.084961
3 0.470703 0.555176 0.058594 0.065430
3 0.795898 0.400879 0.029297 0.045898