0 0.190918 0.630371 0.176758 0.141602
0 0.561035 0.446289 0.239258 0.187500
0 0.449707 0.863770 0.217773 0.172852
0 0.223145 0.257812 0.211914 0.267578
0 0.850098 0.223145 0.211914 0.249023
4 0.879883 0.449707 0.166016 0.180664
2 0.636230 0.560547 0.094727 0.070312
2 0.094727 0.593750 0.113281 0.103516
2 0.119629 0.879395 0.114258 0.084961
2 0.300293 0.261719 0.086914 0.068359
1 0.418945 0.731934 0.058594 0.096680
1 0.538086 0.528809 0.093750 0.096680
1 0.596191 0.304688 0.049805 0.056641
1 0.844238 0.671875 0.061523 0.068359