0 0.877441 0.509766 0.153320 0.234375
0 0.555664 0.164062 0.208984 0.246094
0 0.095703 0.912598 0.164062 0.141602
0 0.782715 0.422852 0.155273 0.181641
0 0.267578 0.531738 0.251953 0.215820
4 0.532715 0.104492 0.141602 0.162109
2 0.953613 0.155273 0.083008 0.082031
2 0.865723 0.103516 0.053711 0.062500
2 0.479980 0.103516 0.125977 0.123047
2 0.319824 0.658691 0.069336 0.077148
1 0.237305 0.196777 0.087891 0.092773
1 0.945312 0.336426 0.087891 0.090820
1 0.615723 0.470703 0.096680 0.109375
1 0.375977 0.484863 0.029297 0.047852
1 0.649414 0.316895 0.087891 0.088867
1 0.957520 0.192383 0.073242 0.080078
1 0.734375 0.674316 0.054688 0.061523
3 0.346191 0.407715 0.024414 0.041992
3 0.508789 0.907715 0.074219 0.077148
3 0.287109 0.158691 0.050781 0.051758
3 0.654297 0.594727 0.076172 0.078125