0 0.131836 0.108887 0.230469 0.196289
0 0.806152 0.731445 0.243164 0.183594
0 0.312012 0.360352 0.245117 0.218750
0 0.504883 0.597168 0.255859 0.202148
0 0.318848 0.717285 0.124023 0.170898
0 0.176270 0.526855 0.268555 0.233398
0 0.296387 0.645508 0.254883 0.207031
0 0.311523 0.493164 0.234375 0.189453
0 0.868652 0.564453 0.172852 0.220703
0 0.242188 0.759277 0.271484 0.219727
0 0.614746 0.625488 0.249023 0.233398
0 0.607422 0.147461 0.255859 0.210938
0 0.447266 0.452148 0.162109 0.271484
0 0.629883 0.440430 0.248047 0.226562
4 0.807617 0.330566 0.171875 0.122070
2 0.074219 0.431152 0.089844 0.067383
1 0.501465 0.838379 0.067383 0.067383
1 0.143066 0.499512 0.079102 0.084961
1 0.183594 0.074707 0.046875 0.051758
3 0.031250 0.820312 0.062500 0.044922
3 0.436523 0.918945 0.074219 0.054688
3 0.587891 0.622559 0.041016 0.041992
3 0.181641 0.429688 0.074219 0.078125
3 0.116211 0.963379 0.048828 0.028320