0 0.459961 0.560059 0.230469 0.190430
0 0.214355 0.189453 0.182617 0.240234
0 0.734375 0.152832 0.205078 0.165039
0 0.518555 0.431641 0.228516 0.187500
0 0.398438 0.874023 0.150391 0.181641
0 0.741699 0.660645 0.284180 0.233398
0 0.267578 0.797363 0.277344 0.264648
0 0.644043 0.881836 0.151367 0.207031
0 0.413574 0.360352 0.200195 0.263672
4 0.593750 0.384277 0.167969 0.153320
4 0.085938 0.867676 0.111328 0.120117
4 0.636719 0.580566 0.148438 0.125977
2 0.668945 0.105469 0.074219 0.054688
2 0.767090 0.502930 0.057617 0.050781
2 0.268555 0.377441 0.070312 0.047852
2 0.799805 0.680176 0.089844 0.083008
1 0.541992 0.278809 0.037109 0.061523
1 0.698730 0.884766 0.088867 0.087891
1 0.343262 0.145996 0.059570 0.059570
3 0.835449 0.091797 0.096680 0.099609
3 0.611816 0.736328 0.047852 0.031250
3 0.832031 0.789062 0.091797 0.064453