0 0.656250 0.609375 0.130859 0.173828
0 0.129395 0.628418 0.190430 0.149414
0 0.843750 0.635742 0.240234 0.275391
0 0.427734 0.398926 0.220703 0.272461
0 0.561523 0.390137 0.222656 0.184570
0 0.337402 0.520508 0.139648 0.199219
0 0.673340 0.208984 0.206055 0.238281
4 0.597656 0.779297 0.136719 0.125000
4 0.897461 0.797363 0.099609 0.153320
4 0.901367 0.509277 0.117188 0.114258
2 0.465332 0.554688 0.053711 0.062500
2 0.813477 0.810547 0.076172 0.089844
2 0.145996 0.477539 0.094727 0.107422
1 0.583496 0.829590 0.069336 0.079102
1 0.499512 0.193359 0.053711 0.052734
3 0.907715 0.914062 0.051758 0.054688
3 0.758301 0.896484 0.047852 0.050781
3 0.167969 0.427734 0.041016 0.052734
3 0.605957 0.962891 0.065430 0.066406
3 0.760254 0.437012 0.077148 0.084961
3 0.443359 0.947754 0.068359 0.051758