0 0.518066 0.407227 0.186523 0.273438
0 0.618652 0.740234 0.180664 0.207031
0 0.359863 0.377441 0.200195 0.176758
0 0.182617 0.435059 0.230469 0.165039
0 0.433594 0.486816 0.156250 0.124023
4 0.128418 0.699219 0.153320 0.179688
4 0.588379 0.837891 0.149414 0.123047
1 0.637207 0.099121 0.090820 0.096680
1 0.847656 0.166016 0.056641 0.058594
1 0.330566 0.956055 0.063477 0.082031
1 0.131836 0.112305 0.054688 0.060547
1 0.609863 0.278809 0.065430 0.067383
1 0.905273 0.885742 0.078125 0.085938
1 0.619141 0.254395 0.068359 0.094727
3 0.488770 0.774414 0.049805 0.052734