0 0.133789 0.678711 0.193359 0.240234
0 0.402832 0.297363 0.196289 0.155273
0 0.599609 0.207520 0.185547 0.225586
0 0.410156 0.364746 0.273438 0.227539
0 0.805664 0.838867 0.261719 0.205078
0 0.553711 0.534668 0.140625 0.129883
0 0.749512 0.629883 0.202148 0.189453
0 0.296875 0.623047 0.197266 0.255859
0 0.509766 0.725098 0.166016 0.139648
0 0.348633 0.703613 0.257812 0.297852
0 0.504883 0.502930 0.238281 0.193359
2 0.656250 0.406738 0.111328 0.098633
2 0.620605 0.869141 0.061523 0.074219
1 0.243164 0.040039 0.066406 0.068359
1 0.619141 0.252441 0.048828 0.055664
1 0.049316 0.829590 0.051758 0.081055
1 0.382324 0.356934 0.061523 0.067383
1 0.088379 0.193359 0.084961 0.083984
1 0.338379 0.266602 0.079102 0.078125
3 0.277344 0.481934 0.060547 0.071289
3 0.739746 0.661133 0.038086 0.039062
3 0.634277 0.700684 0.061523 0.069336
3 0.702148 0.577637 0.068359 0.045898
3 0.632812 0.231445 0.048828 0.025391