0 0.564453 0.827148 0.207031 0.238281
0 0.446289 0.120605 0.197266 0.155273
0 0.710938 0.245117 0.195312 0.214844
0 0.430664 0.667480 0.199219 0.260742
0 0.615723 0.468750 0.239258 0.181641
0 0.454102 0.591309 0.269531 0.227539
0 0.121582 0.832520 0.233398 0.176758
0 0.314941 0.375977 0.245117 0.197266
4 0.625977 0.792480 0.197266 0.170898
2 0.804688 0.790039 0.066406 0.050781
2 0.479004 0.151855 0.088867 0.084961
2 0.152832 0.459961 0.108398 0.095703
1 0.486816 0.350098 0.071289 0.075195
1 0.337891 0.545410 0.068359 0.075195
1 0.279785 0.728516 0.045898 0.060547
1 0.081543 0.115234 0.028320 0.056641
3 0.568848 0.492676 0.077148 0.079102
3 0.269531 0.616211 0.052734 0.076172
3 0.308105 0.921875 0.092773 0.093750
3 0.764160 0.557129 0.084961 0.059570
3 0.803223 0.834473 0.067383 0.071289