0 0.866211 0.450684 0.179688 0.153320
0 0.904785 0.097656 0.157227 0.154297
0 0.687500 0.731934 0.257812 0.217773
0 0.732422 0.489258 0.119141 0.167969
0 0.488281 0.897461 0.220703 0.173828
0 0.788086 0.387695 0.246094 0.203125
0 0.724609 0.212402 0.250000 0.188477
4 0.186035 0.279785 0.110352 0.104492
4 0.835938 0.502441 0.162109 0.129883
4 0.627441 0.910645 0.182617 0.157227
2 0.422852 0.698730 0.062500 0.069336
2 0.765625 0.746094 0.105469 0.091797
2 0.454590 0.338379 0.059570 0.073242
2 0.882812 0.501465 0.083984 0.094727
1 0.318848 0.848633 0.049805 0.076172
1 0.773926 0.787598 0.088867 0.094727
1 0.379395 0.251953 0.026367 0.050781
3 0.580566 0.228516 0.061523 0.072266
3 0.861328 0.028809 0.042969 0.022461
3 0.881348 0.596191 0.051758 0.053711
3 0.386230 0.304688 0.040039 0.041016
3 0.647461 0.834961 0.072266 0.080078