0 0.686035 0.653809 0.208008 0.233398
0 0.179688 0.076660 0.181641 0.147461
0 0.774414 0.508789 0.238281 0.255859
0 0.639160 0.243164 0.247070 0.218750
0 0.871094 0.702148 0.177734 0.253906
4 0.221191 0.468262 0.155273 0.106445
4 0.732910 0.813477 0.172852 0.175781
2 0.195312 0.203125 0.089844 0.105469
2 0.308594 0.721191 0.113281 0.086914
2 0.629883 0.273438 0.060547 0.048828
1 0.843262 0.217285 0.063477 0.071289
1 0.224609 0.451172 0.056641 0.058594
1 0.915039 0.639648 0.044922 0.054688
1 0.722168 0.886719 0.047852 0.046875
3 0.180176 0.584473 0.043945 0.051758
3 0.041016 0.790039 0.033203 0.048828
3 0.627441 0.153809 0.088867 0.061523
3 0.271973 0.163574 0.090820 0.092773
3 0.766602 0.876465 0.048828 0.053711