0 0.196777 0.783203 0.221680 0.175781
0 0.672852 0.095703 0.166016 0.121094
0 0.648438 0.642578 0.201172 0.160156
0 0.783691 0.594238 0.137695 0.198242
0 0.144531 0.283691 0.228516 0.192383
0 0.778320 0.397461 0.195312 0.160156
0 0.542480 0.409180 0.149414 0.148438
0 0.373535 0.550293 0.278320 0.245117
0 0.182129 0.201660 0.188477 0.143555
0 0.144531 0.512207 0.144531 0.196289
0 0.901367 0.860840 0.105469 0.165039
0 0.274902 0.309570 0.250977 0.179688
0 0.103027 0.602539 0.141602 0.119141
4 0.196777 0.356934 0.145508 0.104492
4 0.776855 0.914551 0.118164 0.100586
1 0.587891 0.272949 0.074219 0.090820
3 0.487793 0.057129 0.086914 0.088867