0 0.685059 0.313965 0.247070 0.180664
0 0.651367 0.830078 0.210938 0.183594
0 0.690918 0.670898 0.237305 0.242188
0 0.750000 0.707520 0.216797 0.188477
0 0.114258 0.715332 0.214844 0.178711
0 0.574219 0.422852 0.283203 0.214844
0 0.653320 0.429199 0.216797 0.268555
0 0.274414 0.219238 0.162109 0.209961
0 0.236816 0.674805 0.168945 0.218750
0 0.805176 0.685059 0.143555 0.118164
0 0.307129 0.890137 0.137695 0.168945
4 0.368652 0.166016 0.090820 0.126953
4 0.229004 0.280762 0.127930 0.102539
4 0.195312 0.116211 0.097656 0.121094
2 0.258301 0.878418 0.079102 0.096680
2 0.651855 0.652832 0.112305 0.125977
1 0.646484 0.136230 0.082031 0.081055
1 0.945801 0.825195 0.098633 0.101562
1 0.786621 0.416504 0.036133 0.071289
1 0.917969 0.593750 0.083984 0.101562
1 0.344727 0.439453 0.058594 0.062500
1 0.704102 0.426270 0.048828 0.059570
1 0.813477 0.746582 0.080078 0.083008
1 0.363770 0.829102 0.051758 0.056641
3 0.487793 0.141113 0.106445 0.106445
3 0.733398 0.973633 0.044922 0.021484
3 0.062012 0.812500 0.057617 0.058594
3 0.812988 0.434082 0.067383 0.069336
3 0.955078 0.626953 0.082031 0.089844
3 0.537598 0.333496 0.069336 0.079102