0 0.619141 0.470703 0.177734 0.220703
0 0.788086 0.565430 0.191406 0.220703
0 0.773438 0.693359 0.113281 0.203125
0 0.782227 0.442871 0.216797 0.184570
0 0.376953 0.360840 0.224609 0.174805
0 0.547852 0.848633 0.271484 0.230469
0 0.711914 0.790527 0.253906 0.184570
0 0.287598 0.130371 0.202148 0.157227
0 0.608887 0.801270 0.202148 0.254883
0 0.209473 0.380371 0.223633 0.180664
0 0.490234 0.794434 0.189453 0.252930
4 0.538086 0.129395 0.072266 0.110352
4 0.932617 0.550293 0.103516 0.127930
3 0.858887 0.955566 0.081055 0.084961
3 0.728027 0.858398 0.071289 0.080078
3 0.202637 0.193848 0.047852 0.049805
3 0.513672 0.910156 0.087891 0.089844