0 0.493652 0.806641 0.194336 0.166016
0 0.338867 0.929199 0.169922 0.133789
0 0.324707 0.308105 0.170898 0.110352
0 0.210449 0.851562 0.241211 0.191406
0 0.837891 0.901855 0.218750 0.178711
0 0.608398 0.844727 0.261719 0.220703
0 0.770508 0.565918 0.306641 0.274414
0 0.752930 0.263672 0.152344 0.150391
0 0.803711 0.484863 0.222656 0.174805
0 0.647461 0.113770 0.177734 0.145508
0 0.530273 0.226562 0.189453 0.125000
0 0.451660 0.200684 0.206055 0.215820
0 0.430176 0.291016 0.213867 0.275391
2 0.774902 0.942383 0.083008 0.072266
2 0.455078 0.310059 0.113281 0.110352
2 0.713867 0.211426 0.121094 0.116211
1 0.489746 0.929688 0.088867 0.089844
1 0.548340 0.378418 0.071289 0.075195
1 0.834961 0.513672 0.068359 0.072266
1 0.451660 0.443359 0.053711 0.062500
1 0.830566 0.225586 0.088867 0.087891
1 0.368164 0.946777 0.054688 0.057617
3 0.521484 0.506348 0.089844 0.092773
3 0.722656 0.443848 0.095703 0.098633
3 0.668945 0.166992 0.041016 0.044922
3 0.215820 0.202637 0.099609 0.100586
3 0.091797 0.374512 0.082031 0.083008