0 0.655273 0.535645 0.238281 0.192383
0 0.216309 0.338867 0.223633 0.179688
0 0.108887 0.344238 0.151367 0.213867
0 0.184082 0.782227 0.176758 0.228516
0 0.617188 0.292969 0.212891 0.197266
0 0.494141 0.246094 0.240234 0.175781
0 0.709473 0.144531 0.231445 0.156250
0 0.224609 0.608398 0.214844 0.175781
0 0.816895 0.775879 0.215820 0.168945
0 0.453613 0.168457 0.194336 0.170898
0 0.851074 0.304688 0.174805 0.132812
4 0.330078 0.428223 0.154297 0.139648
4 0.365723 0.896973 0.098633 0.137695
2 0.410645 0.796387 0.098633 0.084961
2 0.570801 0.208984 0.065430 0.062500
1 0.762695 0.391113 0.093750 0.102539
1 0.115234 0.360840 0.066406 0.075195
1 0.274414 0.905273 0.058594 0.060547
1 0.465332 0.607422 0.102539 0.103516
1 0.735840 0.828125 0.059570 0.064453
3 0.168945 0.358887 0.070312 0.075195
3 0.142090 0.845703 0.075195 0.078125
3 0.479980 0.540527 0.084961 0.086914
3 0.085938 0.704590 0.044922 0.045898