0 0.761230 0.468750 0.258789 0.183594
0 0.377441 0.168945 0.194336 0.158203
0 0.843262 0.060547 0.155273 0.115234
0 0.277344 0.211426 0.166016 0.127930
0 0.528809 0.572754 0.268555 0.211914
4 0.350586 0.619141 0.138672 0.097656
4 0.683105 0.389648 0.096680 0.117188
1 0.442383 0.777344 0.056641 0.060547
1 0.488770 0.308594 0.094727 0.093750
1 0.314941 0.111816 0.075195 0.079102
1 0.189453 0.949707 0.083984 0.083008
1 0.874023 0.052246 0.078125 0.077148
3 0.362793 0.661133 0.034180 0.044922
3 0.537109 0.803223 0.076172 0.079102