0 0.529785 0.507324 0.184570 0.155273
0 0.434570 0.890625 0.232422 0.167969
0 0.437500 0.381348 0.263672 0.227539
0 0.296387 0.772949 0.176758 0.163086
0 0.718750 0.598145 0.277344 0.202148
0 0.764648 0.470703 0.271484 0.214844
4 0.691406 0.830566 0.156250 0.125977
4 0.875000 0.860352 0.167969 0.205078
4 0.134766 0.801758 0.166016 0.125000
2 0.429688 0.451660 0.083984 0.092773
2 0.242676 0.439941 0.098633 0.077148
2 0.922363 0.795410 0.116211 0.096680
2 0.855957 0.318848 0.057617 0.067383
1 0.480957 0.604980 0.040039 0.073242
1 0.405762 0.416016 0.063477 0.072266
1 0.642090 0.562500 0.049805 0.048828
1 0.670898 0.288574 0.076172 0.100586
1 0.480957 0.561035 0.055664 0.065430
1 0.590820 0.892090 0.089844 0.088867
3 0.866699 0.195312 0.045898 0.080078
3 0.350586 0.451172 0.085938 0.085938
3 0.313965 0.595215 0.094727 0.096680