0 0.413574 0.762695 0.284180 0.248047
0 0.468750 0.627441 0.175781 0.188477
0 0.748535 0.116699 0.188477 0.174805
0 0.699219 0.802734 0.228516 0.203125
0 0.606934 0.520996 0.198242 0.143555
1 0.633301 0.066406 0.110352 0.109375
1 0.838867 0.237793 0.074219 0.073242
1 0.029297 0.173828 0.044922 0.066406
1 0.455078 0.776367 0.066406 0.085938
1 0.636719 0.667969 0.064453 0.070312
1 0.432617 0.850586 0.027344 0.052734
1 0.499512 0.554199 0.079102 0.084961
1 0.240723 0.434082 0.073242 0.084961
3 0.917969 0.963379 0.041016 0.043945
3 0.492676 0.649902 0.084961 0.049805
3 0.200195 0.473633 0.064453 0.066406