0 0.191406 0.621094 0.277344 0.259766
0 0.349609 0.109375 0.189453 0.203125
0 0.403809 0.388672 0.231445 0.279297
0 0.402344 0.610840 0.222656 0.192383
0 0.520020 0.838379 0.270508 0.217773
0 0.566406 0.299805 0.169922 0.171875
4 0.542969 0.125488 0.189453 0.147461
2 0.688965 0.390625 0.102539 0.117188
2 0.208008 0.629395 0.103516 0.083008
2 0.734863 0.075195 0.102539 0.087891
1 0.391602 0.789551 0.091797 0.098633
1 0.596680 0.341797 0.101562 0.113281
3 0.853027 0.610352 0.049805 0.050781
3 0.441895 0.176758 0.049805 0.072266
3 0.929199 0.752930 0.079102 0.080078
3 0.038086 0.300781 0.062500 0.066406
3 0.591309 0.714355 0.083008 0.092773