0 0.200684 0.609863 0.258789 0.186523
0 0.779297 0.652832 0.187500 0.145508
0 0.903320 0.612793 0.181641 0.135742
0 0.243652 0.171387 0.282227 0.233398
0 0.100586 0.526855 0.187500 0.141602
0 0.817383 0.729492 0.210938 0.173828
0 0.605469 0.777344 0.281250 0.201172
0 0.692383 0.162109 0.250000 0.300781
0 0.446289 0.511230 0.183594 0.206055
2 0.543945 0.495605 0.076172 0.059570
2 0.078613 0.775879 0.094727 0.079102
1 0.500000 0.520996 0.109375 0.110352
1 0.503906 0.346191 0.078125 0.081055
1 0.641602 0.119629 0.093750 0.102539
1 0.304199 0.437012 0.055664 0.059570
1 0.720215 0.590332 0.083008 0.088867
3 0.632812 0.804199 0.083984 0.084961
3 0.854492 0.687012 0.048828 0.024414
3 0.744629 0.234863 0.043945 0.051758