0 0.409668 0.123047 0.165039 0.113281
0 0.555664 0.426758 0.171875 0.125000
0 0.181152 0.371094 0.250977 0.179688
0 0.849609 0.756348 0.212891 0.161133
0 0.172363 0.768066 0.254883 0.188477
0 0.370605 0.505371 0.241211 0.190430
4 0.315430 0.187500 0.101562 0.066406
4 0.611816 0.339355 0.145508 0.120117
4 0.527344 0.522949 0.164062 0.190430
1 0.110352 0.280273 0.083984 0.089844
1 0.355469 0.631836 0.054688 0.060547
1 0.067383 0.154785 0.082031 0.088867
1 0.439941 0.152832 0.067383 0.069336
1 0.855469 0.509277 0.089844 0.088867
1 0.489258 0.674316 0.080078 0.079102
1 0.519043 0.101074 0.055664 0.067383
3 0.159180 0.654785 0.058594 0.059570
3 0.925781 0.407715 0.041016 0.026367
3 0.345215 0.739258 0.040039 0.062500
3 0.550293 0.733887 0.055664 0.059570
3 0.783203 0.332520 0.044922 0.045898