0 0.178223 0.753418 0.168945 0.204102
0 0.707520 0.619141 0.155273 0.183594
0 0.742188 0.349609 0.173828 0.138672
0 0.589355 0.601074 0.192383 0.256836
0 0.662109 0.870605 0.173828 0.204102
0 0.503906 0.469238 0.269531 0.215820
0 0.194336 0.351562 0.236328 0.203125
4 0.831543 0.735840 0.116211 0.071289
4 0.110840 0.479492 0.168945 0.130859
1 0.088867 0.713379 0.095703 0.094727
1 0.055176 0.609863 0.051758 0.053711
1 0.898926 0.323730 0.071289 0.079102
1 0.110840 0.496094 0.081055 0.082031
1 0.872559 0.557129 0.057617 0.063477
1 0.133789 0.083496 0.062500 0.100586
3 0.656738 0.739746 0.049805 0.026367
3 0.967773 0.504883 0.041016 0.056641