0 0.597656 0.853027 0.183594 0.204102
0 0.447754 0.315430 0.200195 0.156250
0 0.804688 0.201660 0.205078 0.266602
0 0.655762 0.198242 0.288086 0.226562
0 0.471680 0.458496 0.222656 0.208008
0 0.263672 0.378418 0.218750 0.165039
0 0.335449 0.342285 0.206055 0.170898
0 0.316406 0.138184 0.183594 0.145508
0 0.743164 0.224121 0.138672 0.155273
0 0.376953 0.712891 0.167969 0.232422
0 0.797852 0.908691 0.208984 0.155273
0 0.250488 0.151367 0.219727 0.199219
4 0.483887 0.787598 0.198242 0.196289
2 0.446777 0.884766 0.112305 0.093750
1 0.871582 0.404297 0.053711 0.052734
1 0.789062 0.100586 0.074219 0.078125
1 0.220703 0.150879 0.062500 0.071289
1 0.717285 0.412109 0.092773 0.095703
1 0.732422 0.832031 0.058594 0.062500
1 0.110352 0.103027 0.027344 0.053711
3 0.217285 0.640625 0.045898 0.070312
3 0.818359 0.844238 0.074219 0.084961
3 0.804688 0.637695 0.072266 0.042969
3 0.914551 0.077637 0.081055 0.090820