0 0.523438 0.547852 0.220703 0.179688
0 0.685059 0.412598 0.270508 0.176758
0 0.907227 0.237305 0.167969 0.132812
0 0.231934 0.663574 0.258789 0.198242
0 0.749512 0.450195 0.196289 0.238281
0 0.114746 0.898438 0.215820 0.173828
0 0.604492 0.558594 0.248047 0.199219
0 0.367188 0.554199 0.187500 0.163086
0 0.837891 0.648438 0.193359 0.232422
0 0.559082 0.682617 0.186523 0.156250
0 0.689941 0.674316 0.202148 0.170898
0 0.203125 0.458984 0.136719 0.109375
0 0.837891 0.884277 0.218750 0.178711
4 0.243652 0.910156 0.147461 0.158203
4 0.080078 0.762695 0.123047 0.091797
4 0.178711 0.732422 0.136719 0.095703
3 0.215332 0.296875 0.032227 0.052734
3 0.436035 0.151367 0.051758 0.074219
3 0.418457 0.366211 0.059570 0.035156