0 0.859863 0.283691 0.245117 0.286133
0 0.886230 0.655762 0.206055 0.170898
0 0.718750 0.544434 0.169922 0.151367
0 0.323730 0.423340 0.227539 0.165039
0 0.249023 0.303711 0.244141 0.232422
0 0.202148 0.148926 0.167969 0.239258
0 0.601074 0.286621 0.245117 0.204102
4 0.814453 0.638184 0.144531 0.102539
4 0.072266 0.655273 0.103516 0.111328
4 0.376465 0.053223 0.100586 0.098633
2 0.844238 0.753906 0.125977 0.123047
1 0.854980 0.515625 0.061523 0.060547
3 0.140625 0.411133 0.072266 0.074219
3 0.123047 0.518555 0.050781 0.029297
3 0.948730 0.386719 0.088867 0.097656