0 0.254883 0.445312 0.230469 0.185547
0 0.560059 0.269043 0.155273 0.182617
0 0.136719 0.713379 0.242188 0.208008
0 0.396973 0.166016 0.180664 0.156250
0 0.373535 0.854980 0.180664 0.170898
0 0.677246 0.871582 0.241211 0.192383
0 0.722656 0.363770 0.218750 0.153320
0 0.739746 0.308594 0.202148 0.158203
4 0.616211 0.817383 0.123047 0.160156
4 0.831543 0.782715 0.186523 0.159180
1 0.642090 0.177734 0.071289 0.070312
1 0.513672 0.202637 0.048828 0.086914
1 0.219727 0.830566 0.085938 0.088867
1 0.900879 0.610352 0.077148 0.080078
1 0.270020 0.758789 0.059570 0.058594
3 0.469727 0.804199 0.054688 0.034180
3 0.623535 0.615234 0.094727 0.097656
3 0.262695 0.579590 0.054688 0.053711
3 0.590332 0.343262 0.069336 0.071289
3 0.059082 0.615234 0.079102 0.089844