0 0.210938 0.339355 0.259766 0.194336
0 0.888672 0.226562 0.169922 0.125000
0 0.638672 0.163574 0.134766 0.153320
0 0.819824 0.617188 0.241211 0.205078
0 0.693848 0.192383 0.213867 0.150391
0 0.125977 0.360352 0.189453 0.216797
0 0.622559 0.739746 0.219727 0.272461
0 0.699219 0.675293 0.173828 0.127930
0 0.331055 0.750977 0.205078 0.166016
0 0.308105 0.594727 0.190430 0.123047
0 0.283691 0.490234 0.241211 0.257812
4 0.398438 0.168945 0.123047 0.095703
4 0.261719 0.519043 0.136719 0.081055
2 0.620117 0.787598 0.068359 0.081055
2 0.098633 0.503418 0.125000 0.102539
1 0.133301 0.182617 0.096680 0.097656
1 0.666504 0.852539 0.084961 0.083984
1 0.184082 0.742188 0.094727 0.093750
1 0.764648 0.333984 0.052734 0.068359
1 0.387695 0.141113 0.050781 0.055664
1 0.607422 0.811035 0.115234 0.114258
1 0.124512 0.922363 0.049805 0.055664
3 0.497559 0.075684 0.041992 0.067383
3 0.198730 0.226074 0.061523 0.083008