0 0.766602 0.080566 0.222656 0.155273
0 0.680664 0.888672 0.140625 0.216797
0 0.155762 0.687988 0.260742 0.184570
0 0.132812 0.772461 0.187500 0.126953
0 0.234375 0.533691 0.146484 0.186523
0 0.168945 0.142090 0.287109 0.231445
0 0.815918 0.337402 0.219727 0.170898
0 0.368652 0.297363 0.227539 0.168945
0 0.779297 0.760742 0.189453 0.160156
0 0.162109 0.295410 0.197266 0.157227
0 0.225586 0.767578 0.283203 0.246094
0 0.782715 0.495605 0.243164 0.209961
4 0.708496 0.326660 0.104492 0.096680
2 0.578613 0.766602 0.125977 0.117188
2 0.846680 0.160645 0.095703 0.110352
3 0.093262 0.139648 0.051758 0.031250