0 0.657715 0.547363 0.184570 0.151367
0 0.268555 0.140137 0.216797 0.155273
0 0.443848 0.173340 0.250977 0.202148
0 0.848145 0.113770 0.165039 0.211914
0 0.182129 0.805664 0.204102 0.152344
0 0.231934 0.270996 0.284180 0.231445
0 0.198730 0.512207 0.215820 0.186523
0 0.712891 0.854492 0.212891 0.140625
0 0.163574 0.376953 0.184570 0.148438
0 0.309082 0.400391 0.147461 0.179688
0 0.620605 0.732910 0.196289 0.157227
0 0.505859 0.448242 0.246094 0.203125
0 0.083008 0.137695 0.128906 0.179688
4 0.062500 0.079590 0.105469 0.139648
2 0.515137 0.124023 0.073242 0.054688
1 0.218750 0.836426 0.062500 0.073242
1 0.763184 0.947266 0.067383 0.072266
3 0.459473 0.337402 0.024414 0.040039