0 0.350586 0.272461 0.179688 0.136719
0 0.686035 0.339844 0.297852 0.253906
0 0.699219 0.301270 0.189453 0.182617
0 0.678711 0.249023 0.253906 0.203125
0 0.790039 0.834961 0.242188 0.201172
4 0.386230 0.092773 0.110352 0.130859
4 0.139160 0.718750 0.139648 0.109375
1 0.782715 0.936523 0.069336 0.068359
1 0.362793 0.507812 0.083008 0.085938
1 0.709473 0.682617 0.092773 0.099609
1 0.100098 0.484863 0.055664 0.059570
1 0.150391 0.825195 0.087891 0.093750
1 0.556152 0.587402 0.051758 0.057617
1 0.793945 0.295410 0.085938 0.096680
1 0.569824 0.129883 0.059570 0.099609
3 0.248535 0.875977 0.084961 0.087891
3 0.884766 0.937500 0.064453 0.091797
3 0.691895 0.717285 0.047852 0.077148
3 0.106445 0.678711 0.046875 0.072266
3 0.766113 0.973633 0.028320 0.044922