0 0.325684 0.228516 0.231445 0.164062
0 0.746582 0.559082 0.184570 0.151367
0 0.519531 0.112305 0.242188 0.181641
0 0.675781 0.856934 0.197266 0.188477
0 0.403809 0.656250 0.190430 0.158203
0 0.870605 0.758301 0.221680 0.159180
0 0.740723 0.891113 0.172852 0.204102
4 0.610352 0.651367 0.158203 0.169922
4 0.145020 0.401367 0.176758 0.142578
4 0.085449 0.085449 0.120117 0.088867
2 0.763184 0.256836 0.104492 0.095703
2 0.053711 0.739746 0.082031 0.061523
2 0.810059 0.806152 0.096680 0.088867
1 0.652344 0.744141 0.054688 0.060547
3 0.511230 0.059082 0.079102 0.081055
3 0.926270 0.350098 0.055664 0.065430
3 0.451172 0.502930 0.085938 0.089844
3 0.245117 0.321289 0.044922 0.050781
3 0.456543 0.685059 0.063477 0.065430