0 0.445312 0.502930 0.167969 0.136719
0 0.787598 0.895508 0.166992 0.138672
0 0.144043 0.416992 0.268555 0.230469
0 0.750000 0.762695 0.267578 0.185547
0 0.869629 0.629883 0.204102 0.162109
0 0.665039 0.904297 0.119141 0.169922
0 0.415527 0.239746 0.172852 0.125977
0 0.181641 0.739258 0.119141 0.166016
0 0.291504 0.287109 0.153320 0.142578
0 0.200684 0.621094 0.213867 0.160156
4 0.592285 0.156738 0.200195 0.161133
4 0.698730 0.497070 0.198242 0.150391
4 0.257812 0.795898 0.207031 0.160156
2 0.863770 0.394043 0.067383 0.047852
2 0.130859 0.940430 0.099609 0.083984
1 0.634277 0.924805 0.102539 0.101562
1 0.375488 0.650391 0.069336 0.101562
3 0.658203 0.145996 0.050781 0.077148