0 0.439453 0.553711 0.146484 0.216797
0 0.712402 0.814941 0.176758 0.223633
0 0.564453 0.226074 0.242188 0.303711
0 0.217773 0.348633 0.228516 0.285156
0 0.858398 0.421875 0.246094 0.210938
0 0.857910 0.609863 0.211914 0.165039
0 0.378906 0.442383 0.244141 0.236328
4 0.826660 0.743164 0.139648 0.119141
4 0.734863 0.896484 0.161133 0.134766
2 0.864746 0.889160 0.112305 0.096680
1 0.352539 0.656250 0.050781 0.070312
1 0.828125 0.700195 0.082031 0.087891
1 0.539062 0.091797 0.068359 0.085938
1 0.770020 0.776367 0.098633 0.105469
1 0.760742 0.793457 0.050781 0.096680
1 0.160156 0.914551 0.042969 0.073242
3 0.032227 0.854980 0.060547 0.061523
3 0.315918 0.829590 0.075195 0.077148