0 0.614746 0.833496 0.241211 0.200195
0 0.664062 0.372559 0.146484 0.204102
0 0.493164 0.279785 0.228516 0.284180
0 0.257324 0.414062 0.241211 0.173828
0 0.433594 0.488770 0.175781 0.145508
0 0.622070 0.171875 0.224609 0.191406
0 0.133301 0.756836 0.194336 0.136719
0 0.405762 0.319824 0.178711 0.135742
0 0.413086 0.437012 0.185547 0.145508
0 0.552246 0.433594 0.217773 0.167969
0 0.811523 0.558594 0.224609 0.179688
0 0.247559 0.288574 0.215820 0.166992
0 0.540039 0.678223 0.169922 0.208008
4 0.891602 0.510742 0.193359 0.150391
2 0.550293 0.051758 0.069336 0.082031
2 0.466797 0.695801 0.054688 0.063477
2 0.296387 0.552734 0.065430 0.056641
2 0.317871 0.264160 0.092773 0.069336
1 0.744141 0.591797 0.068359 0.078125
1 0.797852 0.589355 0.085938 0.084961
1 0.281250 0.664062 0.091797 0.101562
1 0.070801 0.812500 0.059570 0.064453
1 0.668945 0.273926 0.099609 0.098633
1 0.709473 0.505859 0.057617 0.064453
1 0.202637 0.183105 0.061523 0.063477
3 0.905762 0.398926 0.075195 0.077148