0 0.600586 0.556152 0.240234 0.159180
0 0.566895 0.192871 0.176758 0.131836
0 0.536133 0.638672 0.189453 0.146484
0 0.307129 0.433594 0.229492 0.195312
0 0.365723 0.498535 0.268555 0.206055
0 0.521973 0.384277 0.264648 0.200195
0 0.556152 0.165527 0.293945 0.231445
0 0.503418 0.290039 0.200195 0.164062
0 0.646484 0.332520 0.251953 0.196289
0 0.224609 0.705566 0.281250 0.241211
0 0.709473 0.193359 0.180664 0.142578
4 0.296387 0.147461 0.120117 0.076172
4 0.235840 0.711914 0.133789 0.144531
2 0.241699 0.093750 0.073242 0.080078
2 0.440430 0.131836 0.076172 0.062500
2 0.837891 0.881348 0.113281 0.110352
1 0.278320 0.930176 0.076172 0.075195
1 0.825195 0.309082 0.035156 0.053711
1 0.285645 0.281250 0.073242 0.072266
1 0.714355 0.534668 0.069336 0.071289
3 0.045410 0.501953 0.047852 0.048828
3 0.046387 0.408691 0.047852 0.063477
3 0.032715 0.051758 0.053711 0.054688
3 0.357910 0.272949 0.051758 0.051758