0 0.327637 0.516113 0.184570 0.124023
0 0.532715 0.801758 0.219727 0.158203
0 0.529785 0.375488 0.241211 0.223633
0 0.870605 0.539062 0.249023 0.279297
0 0.245605 0.239746 0.291992 0.239258
0 0.348145 0.167969 0.120117 0.166016
0 0.723633 0.374512 0.236328 0.286133
0 0.623047 0.466797 0.210938 0.173828
0 0.326172 0.764160 0.216797 0.153320
0 0.442383 0.719727 0.242188 0.283203
0 0.701172 0.144531 0.166016 0.128906
2 0.288574 0.761230 0.102539 0.073242
2 0.105469 0.138184 0.117188 0.114258
2 0.099609 0.514160 0.066406 0.051758
1 0.320801 0.871094 0.084961 0.099609
1 0.926758 0.481934 0.107422 0.106445
3 0.492676 0.323242 0.088867 0.093750