0 0.801270 0.451660 0.268555 0.211914
0 0.436035 0.778809 0.145508 0.256836
0 0.128906 0.348633 0.253906 0.203125
0 0.420898 0.210938 0.166016 0.205078
0 0.357422 0.525391 0.244141 0.234375
0 0.270020 0.823730 0.284180 0.229492
0 0.776855 0.524902 0.166992 0.139648
0 0.438477 0.629395 0.144531 0.163086
4 0.674316 0.903809 0.161133 0.112305
4 0.352051 0.343262 0.155273 0.131836
2 0.336426 0.652832 0.106445 0.102539
2 0.167969 0.750977 0.089844 0.101562
2 0.241699 0.957520 0.086914 0.067383
2 0.404297 0.549316 0.068359 0.051758
1 0.593750 0.638184 0.054688 0.053711
1 0.251953 0.610840 0.082031 0.084961