0 0.477051 0.242188 0.254883 0.216797
0 0.544922 0.786133 0.240234 0.193359
0 0.562012 0.185547 0.149414 0.205078
0 0.704102 0.255859 0.146484 0.193359
0 0.198730 0.420898 0.202148 0.158203
0 0.408203 0.314453 0.238281 0.171875
0 0.767578 0.220215 0.205078 0.174805
4 0.089355 0.153809 0.116211 0.104492
2 0.160645 0.193848 0.106445 0.088867
1 0.795898 0.934082 0.056641 0.094727
1 0.286133 0.391602 0.052734 0.054688
1 0.833984 0.391113 0.054688 0.053711
3 0.904297 0.394531 0.068359 0.074219
3 0.648926 0.918457 0.043945 0.065430
3 0.380859 0.648926 0.058594 0.059570
3 0.036621 0.122559 0.049805 0.051758
3 0.553223 0.842773 0.063477 0.066406
3 0.657715 0.364258 0.061523 0.062500