0 0.729004 0.459473 0.268555 0.198242
0 0.572754 0.547363 0.118164 0.200195
0 0.528320 0.739258 0.214844 0.162109
0 0.197266 0.769531 0.169922 0.152344
0 0.502441 0.596680 0.278320 0.324219
0 0.583008 0.221191 0.218750 0.266602
0 0.710938 0.734375 0.130859 0.111328
0 0.318359 0.644531 0.166016 0.203125
0 0.178711 0.249023 0.173828 0.126953
4 0.508789 0.873535 0.130859 0.098633
4 0.863770 0.640137 0.141602 0.114258
4 0.719727 0.838867 0.111328 0.134766
2 0.095215 0.227539 0.063477 0.048828
2 0.431152 0.739746 0.092773 0.108398
2 0.549805 0.428711 0.095703 0.087891
2 0.636230 0.304199 0.069336 0.081055
1 0.833984 0.289062 0.070312 0.072266
1 0.396973 0.166504 0.057617 0.059570
1 0.380859 0.448730 0.082031 0.081055
1 0.210938 0.861328 0.050781 0.058594
3 0.750488 0.083496 0.069336 0.073242
3 0.111328 0.776367 0.068359 0.080078
3 0.850098 0.943359 0.034180 0.050781