0 0.695312 0.725098 0.183594 0.235352
0 0.210938 0.182617 0.222656 0.181641
0 0.583984 0.250977 0.277344 0.232422
0 0.327148 0.567871 0.199219 0.276367
0 0.452637 0.352051 0.170898 0.133789
0 0.407227 0.756348 0.228516 0.223633
0 0.373047 0.443848 0.287109 0.239258
0 0.784180 0.438477 0.228516 0.158203
0 0.617188 0.809082 0.158203 0.149414
0 0.369141 0.267090 0.234375 0.184570
0 0.664551 0.632812 0.174805 0.152344
0 0.451660 0.441406 0.159180 0.117188
2 0.789062 0.792969 0.076172 0.054688
2 0.503418 0.880371 0.092773 0.090820
1 0.458496 0.458008 0.045898 0.050781
1 0.867676 0.931152 0.055664 0.079102
1 0.643555 0.495117 0.050781 0.052734
1 0.610352 0.606934 0.085938 0.084961
1 0.658691 0.592773 0.047852 0.054688
1 0.402832 0.493164 0.081055 0.080078
1 0.890137 0.671875 0.083008 0.082031
3 0.398926 0.964844 0.061523 0.062500
3 0.124023 0.706055 0.068359 0.070312
3 0.177734 0.314941 0.066406 0.069336
3 0.621094 0.093750 0.068359 0.039062