0 0.132324 0.690430 0.124023 0.154297
0 0.345215 0.569336 0.186523 0.140625
0 0.183105 0.256348 0.227539 0.168945
0 0.404785 0.201660 0.227539 0.188477
0 0.234863 0.756836 0.237305 0.177734
4 0.599609 0.684082 0.107422 0.083008
2 0.429199 0.334473 0.081055 0.057617
2 0.937500 0.598145 0.076172 0.055664
2 0.875000 0.874512 0.103516 0.098633
1 0.253906 0.761719 0.066406 0.099609
1 0.162598 0.342773 0.092773 0.105469
1 0.196777 0.653320 0.110352 0.109375
1 0.319336 0.457520 0.093750 0.096680
1 0.646973 0.728516 0.041992 0.072266
1 0.222656 0.580566 0.080078 0.088867
1 0.923828 0.932617 0.078125 0.097656
3 0.224609 0.125000 0.082031 0.083984
3 0.538574 0.803711 0.071289 0.074219
3 0.385254 0.498535 0.071289 0.073242
3 0.754395 0.474121 0.067383 0.071289
3 0.714844 0.085449 0.060547 0.041992