0 0.787598 0.195801 0.186523 0.264648
0 0.543945 0.719727 0.146484 0.156250
0 0.523926 0.799805 0.215820 0.177734
0 0.694824 0.376953 0.241211 0.207031
0 0.775391 0.719238 0.218750 0.284180
0 0.490234 0.369629 0.234375 0.198242
0 0.516113 0.627930 0.260742 0.212891
0 0.347656 0.245605 0.218750 0.200195
0 0.851562 0.714355 0.189453 0.131836
0 0.097168 0.484863 0.153320 0.221680
0 0.821289 0.527344 0.257812 0.166016
1 0.111328 0.143555 0.099609 0.109375
3 0.712402 0.412598 0.045898 0.047852
3 0.182617 0.450195 0.082031 0.089844
3 0.834473 0.494629 0.069336 0.041992
3 0.170898 0.703125 0.074219 0.076172