0 0.269043 0.215332 0.180664 0.131836
0 0.417480 0.368164 0.231445 0.216797
0 0.544434 0.758789 0.227539 0.177734
0 0.367676 0.301270 0.172852 0.174805
0 0.108398 0.407715 0.173828 0.155273
0 0.147461 0.687012 0.238281 0.196289
4 0.201172 0.566406 0.103516 0.125000
4 0.675781 0.895020 0.144531 0.122070
2 0.080078 0.359375 0.076172 0.068359
2 0.109863 0.746094 0.088867 0.072266
2 0.714355 0.045898 0.063477 0.058594
1 0.467773 0.640137 0.085938 0.104492
1 0.311035 0.545898 0.086914 0.101562
1 0.656738 0.844727 0.059570 0.095703
1 0.064941 0.492676 0.071289 0.079102
1 0.367676 0.393066 0.059570 0.061523
3 0.684570 0.477539 0.031250 0.052734
3 0.574219 0.495605 0.097656 0.100586
3 0.385742 0.655273 0.046875 0.027344
3 0.296875 0.700684 0.060547 0.061523
3 0.749023 0.719727 0.070312 0.074219