0 0.097656 0.521484 0.177734 0.177734
0 0.693848 0.627930 0.266602 0.242188
0 0.556152 0.222656 0.270508 0.205078
0 0.854004 0.915039 0.192383 0.169922
0 0.291504 0.201172 0.225586 0.191406
0 0.754883 0.801758 0.187500 0.130859
0 0.533203 0.607910 0.265625 0.200195
0 0.351562 0.156738 0.244141 0.192383
0 0.382324 0.517090 0.149414 0.157227
0 0.711914 0.826660 0.185547 0.241211
4 0.156250 0.745117 0.162109 0.156250
4 0.312012 0.140625 0.124023 0.095703
2 0.561035 0.801270 0.098633 0.114258
2 0.772461 0.552246 0.070312 0.051758
2 0.413574 0.656250 0.061523 0.072266
2 0.800293 0.892090 0.083008 0.079102
1 0.290527 0.614746 0.084961 0.092773
1 0.083984 0.301758 0.080078 0.087891
1 0.258301 0.323730 0.092773 0.098633
1 0.614746 0.304199 0.071289 0.092773
1 0.623535 0.092773 0.079102 0.083984
1 0.751953 0.482910 0.072266 0.071289
1 0.056152 0.721680 0.073242 0.072266
3 0.642090 0.909668 0.063477 0.045898
3 0.372559 0.818848 0.075195 0.075195
3 0.198242 0.823730 0.041016 0.057617
3 0.380859 0.106445 0.101562 0.101562