0 0.829590 0.195312 0.213867 0.160156
0 0.765137 0.504883 0.219727 0.171875
0 0.402344 0.854980 0.197266 0.231445
0 0.200195 0.249512 0.281250 0.215820
0 0.460449 0.400391 0.268555 0.166016
0 0.429688 0.240234 0.205078 0.185547
0 0.265625 0.129395 0.289062 0.235352
4 0.452148 0.538086 0.115234 0.083984
4 0.445801 0.832031 0.127930 0.101562
2 0.856934 0.509766 0.096680 0.076172
2 0.802734 0.253906 0.078125 0.070312
1 0.734863 0.736328 0.063477 0.072266
1 0.076660 0.135742 0.079102 0.091797
1 0.222656 0.847168 0.091797 0.090820
1 0.960938 0.687012 0.039062 0.049805
1 0.678223 0.348633 0.059570 0.064453
1 0.169922 0.221191 0.085938 0.088867
1 0.596680 0.151855 0.062500 0.096680
3 0.687500 0.662598 0.035156 0.047852
3 0.761230 0.448242 0.057617 0.058594
3 0.259277 0.197754 0.069336 0.071289
3 0.090332 0.568848 0.032227 0.043945