0 0.764160 0.403809 0.184570 0.176758
0 0.520508 0.374512 0.142578 0.186523
0 0.411621 0.469727 0.190430 0.175781
0 0.577148 0.330566 0.208984 0.206055
0 0.096191 0.569824 0.192383 0.225586
0 0.323242 0.705078 0.224609 0.189453
0 0.341309 0.760742 0.170898 0.136719
0 0.446777 0.175781 0.163086 0.125000
0 0.175781 0.320801 0.224609 0.198242
0 0.733887 0.301758 0.208008 0.183594
4 0.503418 0.554688 0.104492 0.085938
4 0.794922 0.256348 0.173828 0.174805
2 0.425293 0.873047 0.114258 0.087891
1 0.824219 0.312012 0.046875 0.090820
1 0.517578 0.779785 0.046875 0.063477