0 0.797852 0.375000 0.210938 0.271484
0 0.375488 0.132812 0.198242 0.156250
0 0.549805 0.459961 0.162109 0.205078
0 0.634766 0.508301 0.232422 0.211914
0 0.677246 0.572266 0.221680 0.171875
0 0.117676 0.785156 0.188477 0.222656
0 0.702637 0.539551 0.131836 0.166992
0 0.359375 0.334961 0.183594 0.158203
0 0.318359 0.167480 0.210938 0.180664
0 0.561035 0.757812 0.213867 0.166016
0 0.621094 0.737305 0.177734 0.138672
0 0.124023 0.563477 0.162109 0.201172
0 0.833496 0.676270 0.125977 0.168945
4 0.264160 0.172852 0.108398 0.130859
4 0.780273 0.428223 0.111328 0.092773
4 0.282715 0.858398 0.192383 0.146484
2 0.689453 0.623047 0.093750 0.070312
2 0.736816 0.798340 0.116211 0.104492
2 0.476074 0.851562 0.049805 0.058594
1 0.093750 0.308105 0.097656 0.112305
1 0.531738 0.230957 0.075195 0.083008
3 0.604492 0.515137 0.062500 0.063477
3 0.220703 0.630371 0.082031 0.040039
3 0.816895 0.432617 0.081055 0.082031
3 0.441895 0.401855 0.043945 0.071289
3 0.049805 0.121582 0.089844 0.092773
3 0.536621 0.340820 0.088867 0.091797