0 0.742188 0.809570 0.291016 0.248047
0 0.885254 0.127930 0.172852 0.130859
0 0.667480 0.344727 0.202148 0.160156
0 0.476074 0.190918 0.176758 0.135742
0 0.266113 0.120117 0.206055 0.189453
4 0.467773 0.692871 0.183594 0.151367
4 0.369141 0.560059 0.144531 0.131836
4 0.517578 0.412109 0.150391 0.177734
1 0.647949 0.748535 0.045898 0.047852
1 0.074219 0.439941 0.082031 0.084961
1 0.667969 0.369629 0.107422 0.114258
1 0.341309 0.772461 0.088867 0.089844
1 0.410645 0.607422 0.079102 0.078125
1 0.395996 0.672852 0.079102 0.078125
1 0.555664 0.959961 0.066406 0.070312
1 0.123047 0.304199 0.091797 0.094727
3 0.684570 0.230957 0.046875 0.047852
3 0.140625 0.170898 0.080078 0.082031
3 0.377930 0.248047 0.078125 0.041016
3 0.932617 0.218262 0.046875 0.051758
3 0.785156 0.543945 0.078125 0.080078