0 0.570801 0.313965 0.202148 0.258789
0 0.659180 0.269531 0.210938 0.166016
0 0.574707 0.517090 0.180664 0.141602
0 0.590820 0.184570 0.242188 0.205078
0 0.340820 0.649902 0.179688 0.137695
0 0.316406 0.728516 0.179688 0.220703
0 0.690430 0.112793 0.251953 0.153320
0 0.930176 0.397949 0.139648 0.178711
0 0.186523 0.426270 0.187500 0.153320
0 0.158203 0.783203 0.183594 0.123047
0 0.277832 0.545898 0.198242 0.236328
1 0.319336 0.787598 0.064453 0.073242
1 0.503906 0.501465 0.048828 0.075195
1 0.459473 0.560059 0.069336 0.069336
1 0.673828 0.929199 0.044922 0.055664
1 0.789062 0.821289 0.058594 0.068359
1 0.301270 0.898926 0.071289 0.075195
3 0.071289 0.536621 0.066406 0.075195
3 0.567383 0.739258 0.046875 0.070312
3 0.806641 0.818848 0.070312 0.094727