0 0.774414 0.772949 0.257812 0.225586
0 0.521484 0.278809 0.287109 0.245117
0 0.654297 0.851562 0.308594 0.255859
0 0.098145 0.652832 0.188477 0.262695
0 0.364258 0.185547 0.191406 0.136719
0 0.587891 0.405762 0.255859 0.225586
0 0.202148 0.702148 0.242188 0.177734
0 0.514160 0.919434 0.204102 0.143555
0 0.330078 0.851562 0.240234 0.224609
0 0.491211 0.454590 0.220703 0.166992
0 0.558594 0.837402 0.281250 0.217773
0 0.707031 0.487305 0.292969 0.228516
0 0.403809 0.598633 0.165039 0.189453
0 0.819824 0.189453 0.256836 0.214844
4 0.778320 0.446289 0.177734 0.134766
2 0.449219 0.911621 0.074219 0.090820
2 0.187988 0.608887 0.084961 0.081055
2 0.905762 0.161133 0.088867 0.109375
2 0.426270 0.584473 0.096680 0.069336
1 0.689453 0.264160 0.062500 0.061523
1 0.500977 0.835449 0.050781 0.053711
3 0.922852 0.395508 0.070312 0.072266
3 0.425293 0.742676 0.092773 0.094727
3 0.645508 0.094727 0.056641 0.087891
3 0.575684 0.735840 0.047852 0.063477
3 0.819824 0.873047 0.043945 0.027344
3 0.555176 0.291016 0.065430 0.066406