0 0.127441 0.391113 0.211914 0.170898
0 0.159180 0.341309 0.193359 0.129883
0 0.782227 0.111816 0.210938 0.196289
0 0.564453 0.786621 0.220703 0.190430
0 0.451172 0.316406 0.201172 0.226562
4 0.761230 0.921875 0.098633 0.126953
4 0.795898 0.244629 0.101562 0.143555
1 0.441895 0.317871 0.067383 0.077148
1 0.420410 0.555664 0.083008 0.099609
1 0.542969 0.471191 0.056641 0.055664
1 0.733887 0.811523 0.083008 0.085938
3 0.425293 0.307129 0.075195 0.047852
3 0.102539 0.151367 0.044922 0.052734
3 0.273926 0.097168 0.055664 0.059570