0 0.537109 0.535156 0.138672 0.187500
0 0.329102 0.071289 0.152344 0.123047
0 0.153809 0.532227 0.227539 0.173828
0 0.654785 0.563477 0.229492 0.164062
0 0.494629 0.419434 0.231445 0.174805
0 0.482910 0.841797 0.208008 0.173828
0 0.356445 0.704590 0.220703 0.172852
0 0.166504 0.803711 0.120117 0.158203
0 0.326172 0.779297 0.222656 0.238281
4 0.890625 0.459961 0.101562 0.082031
2 0.726562 0.790039 0.091797 0.070312
1 0.464355 0.079590 0.077148 0.079102
1 0.202148 0.276855 0.044922 0.051758
1 0.572754 0.352051 0.030273 0.053711
1 0.126465 0.627930 0.043945 0.082031
1 0.535645 0.478516 0.118164 0.117188
1 0.059570 0.528320 0.078125 0.095703
1 0.808105 0.544434 0.041992 0.061523
3 0.553223 0.187500 0.069336 0.089844
3 0.215820 0.896484 0.052734 0.054688
3 0.088379 0.316406 0.071289 0.074219