0 0.770508 0.222656 0.242188 0.232422
0 0.782227 0.312012 0.189453 0.223633
0 0.284668 0.234375 0.200195 0.185547
0 0.774902 0.718750 0.237305 0.199219
0 0.433105 0.492188 0.260742 0.197266
0 0.865723 0.332031 0.211914 0.201172
0 0.617676 0.531738 0.254883 0.188477
0 0.323730 0.671387 0.233398 0.202148
0 0.182129 0.295898 0.229492 0.277344
0 0.614746 0.165527 0.243164 0.186523
0 0.577637 0.427734 0.200195 0.250000
0 0.357422 0.186035 0.251953 0.188477
4 0.783203 0.871582 0.097656 0.118164
4 0.887695 0.835449 0.144531 0.096680
4 0.412598 0.075684 0.129883 0.100586
2 0.595215 0.421387 0.084961 0.067383
2 0.280273 0.169922 0.085938 0.076172
2 0.284668 0.822754 0.069336 0.081055
2 0.409180 0.534668 0.101562 0.110352