0 0.286621 0.616211 0.176758 0.162109
0 0.139648 0.252441 0.201172 0.147461
0 0.879395 0.393066 0.233398 0.180664
0 0.721191 0.245605 0.268555 0.215820
0 0.567383 0.250488 0.162109 0.221680
0 0.839844 0.168945 0.220703 0.269531
0 0.817871 0.679199 0.262695 0.208008
0 0.215820 0.450684 0.240234 0.172852
0 0.405762 0.563477 0.194336 0.150391
0 0.502930 0.435059 0.171875 0.206055
0 0.553711 0.631836 0.181641 0.148438
0 0.362305 0.079102 0.185547 0.152344
0 0.237793 0.704102 0.211914 0.152344
0 0.836426 0.857910 0.208008 0.151367
4 0.351562 0.627930 0.115234 0.089844
2 0.920898 0.430176 0.074219 0.055664
2 0.543457 0.260254 0.084961 0.102539
1 0.279297 0.337891 0.072266 0.072266
1 0.777832 0.145508 0.100586 0.099609