0 0.304688 0.889648 0.238281 0.189453
0 0.808105 0.775391 0.247070 0.300781
0 0.497070 0.672363 0.197266 0.235352
0 0.497559 0.531738 0.180664 0.190430
0 0.603027 0.590332 0.209961 0.192383
0 0.634766 0.181152 0.220703 0.182617
4 0.623535 0.157227 0.145508 0.109375
4 0.464355 0.785156 0.204102 0.169922
2 0.097656 0.653320 0.130859 0.121094
2 0.280273 0.469727 0.103516 0.113281
1 0.371582 0.123535 0.067383 0.075195
1 0.412109 0.352539 0.044922 0.050781
3 0.105957 0.812012 0.065430 0.067383
3 0.281250 0.375977 0.041016 0.044922
3 0.801758 0.225098 0.066406 0.084961
3 0.877930 0.740723 0.041016 0.045898
3 0.052246 0.616699 0.057617 0.065430
3 0.473145 0.402344 0.083008 0.060547