0 0.870605 0.174805 0.172852 0.218750
0 0.530762 0.494141 0.165039 0.228516
0 0.488770 0.152344 0.192383 0.230469
0 0.635254 0.459473 0.151367 0.170898
0 0.803223 0.478516 0.166992 0.111328
0 0.826172 0.268066 0.189453 0.129883
0 0.736816 0.915039 0.172852 0.154297
0 0.101074 0.426758 0.190430 0.177734
0 0.509766 0.425781 0.255859 0.304688
0 0.105469 0.141602 0.181641 0.246094
0 0.288086 0.559570 0.177734 0.222656
0 0.570312 0.818359 0.242188 0.199219
4 0.845215 0.074219 0.129883 0.146484
2 0.539062 0.594727 0.113281 0.111328
2 0.395996 0.718750 0.075195 0.060547
2 0.198730 0.196289 0.081055 0.078125
2 0.929688 0.832031 0.076172 0.085938
1 0.813477 0.374023 0.058594 0.064453
1 0.797852 0.671387 0.087891 0.096680
1 0.938477 0.802246 0.072266 0.083008
1 0.191895 0.137207 0.055664 0.065430
1 0.597168 0.781738 0.079102 0.086914
3 0.387207 0.355469 0.041992 0.044922
3 0.055176 0.728027 0.069336 0.079102
3 0.345703 0.208984 0.072266 0.074219