0 0.511719 0.842773 0.277344 0.224609
0 0.164062 0.156738 0.189453 0.192383
0 0.642578 0.531738 0.232422 0.172852
0 0.743652 0.745605 0.225586 0.260742
0 0.819824 0.271973 0.202148 0.237305
0 0.572266 0.869141 0.142578 0.164062
0 0.504395 0.824707 0.192383 0.141602
0 0.709961 0.793945 0.125000 0.164062
0 0.427734 0.794434 0.166016 0.147461
0 0.403320 0.361816 0.160156 0.241211
0 0.787598 0.504395 0.190430 0.135742
0 0.780273 0.157227 0.193359 0.154297
0 0.318848 0.242676 0.276367 0.231445
4 0.106445 0.914551 0.187500 0.151367
4 0.590332 0.643066 0.143555 0.122070
4 0.503906 0.410645 0.166016 0.170898
2 0.827637 0.240234 0.114258 0.107422
2 0.276367 0.066406 0.103516 0.078125
1 0.879395 0.132324 0.041992 0.071289
1 0.901855 0.885742 0.112305 0.113281
1 0.916016 0.607422 0.050781 0.066406
1 0.887207 0.638672 0.088867 0.091797
1 0.876953 0.047363 0.060547 0.059570
3 0.227539 0.292969 0.082031 0.083984
3 0.695312 0.156250 0.044922 0.046875