0 0.283203 0.876953 0.187500 0.226562
0 0.137207 0.290527 0.133789 0.147461
0 0.607422 0.300781 0.177734 0.236328
0 0.677246 0.146973 0.264648 0.227539
0 0.853027 0.390137 0.116211 0.166992
0 0.217285 0.780762 0.141602 0.172852
0 0.430664 0.166992 0.232422 0.203125
0 0.271973 0.629395 0.211914 0.182617
4 0.441406 0.095215 0.087891 0.096680
4 0.811523 0.792969 0.146484 0.125000
4 0.241699 0.649902 0.104492 0.090820
2 0.655273 0.233398 0.119141 0.130859
2 0.899902 0.259277 0.069336 0.075195
2 0.393555 0.197266 0.101562 0.070312
2 0.204590 0.199707 0.092773 0.106445
1 0.822266 0.089355 0.066406 0.065430
1 0.620605 0.390625 0.096680 0.103516
1 0.729492 0.801758 0.054688 0.085938
1 0.510742 0.839844 0.050781 0.054688
1 0.421875 0.265625 0.052734 0.054688
3 0.022949 0.645996 0.030273 0.045898
3 0.059082 0.173828 0.061523 0.062500
3 0.719727 0.625488 0.048828 0.057617
3 0.907715 0.511719 0.090820 0.097656
3 0.331055 0.796387 0.091797 0.098633