0 0.468262 0.249512 0.184570 0.206055
0 0.416016 0.489746 0.175781 0.241211
0 0.496094 0.895020 0.224609 0.188477
0 0.185547 0.577148 0.199219 0.220703
0 0.699707 0.684082 0.137695 0.184570
0 0.855957 0.297852 0.198242 0.167969
0 0.506836 0.460449 0.210938 0.258789
0 0.129395 0.294922 0.249023 0.214844
0 0.507324 0.721680 0.208008 0.193359
0 0.733398 0.162598 0.191406 0.129883
4 0.522949 0.264160 0.155273 0.122070
2 0.364258 0.745605 0.115234 0.104492
1 0.953613 0.095703 0.059570 0.058594
1 0.148438 0.172363 0.074219 0.073242
1 0.819824 0.416992 0.088867 0.091797
1 0.561523 0.440430 0.074219 0.101562
1 0.426270 0.752930 0.106445 0.111328
1 0.779297 0.416016 0.074219 0.080078
1 0.493164 0.632324 0.076172 0.075195
1 0.045410 0.186523 0.069336 0.087891
3 0.127930 0.512695 0.056641 0.083984