0 0.399902 0.845215 0.235352 0.170898
0 0.370605 0.089355 0.231445 0.170898
0 0.665527 0.579590 0.184570 0.137695
0 0.139160 0.708984 0.250977 0.193359
0 0.763184 0.637207 0.268555 0.204102
0 0.780273 0.528320 0.154297 0.207031
0 0.811035 0.422852 0.182617 0.250000
0 0.153320 0.851074 0.181641 0.233398
4 0.482422 0.093750 0.111328 0.085938
4 0.760254 0.355469 0.098633 0.089844
4 0.318359 0.413574 0.189453 0.155273
2 0.787598 0.238770 0.065430 0.059570
2 0.633789 0.894531 0.080078 0.097656
1 0.799805 0.872559 0.078125 0.081055
1 0.825195 0.615723 0.072266 0.088867
1 0.581055 0.853516 0.048828 0.064453
1 0.518066 0.534668 0.092773 0.104492
1 0.393555 0.187500 0.074219 0.076172
3 0.491699 0.545410 0.071289 0.071289