0 0.177246 0.770020 0.266602 0.208008
0 0.318359 0.331543 0.246094 0.188477
0 0.260254 0.540039 0.215820 0.181641
0 0.783691 0.523926 0.264648 0.206055
0 0.640137 0.488770 0.188477 0.227539
0 0.819336 0.601562 0.232422 0.169922
4 0.638672 0.224609 0.095703 0.076172
4 0.409668 0.947754 0.096680 0.088867
2 0.181641 0.652344 0.078125 0.087891
1 0.517090 0.369141 0.051758 0.050781
1 0.320801 0.274902 0.067383 0.083008
1 0.589355 0.179688 0.071289 0.070312
1 0.553711 0.578125 0.078125 0.085938
3 0.544922 0.829102 0.050781 0.025391
3 0.784180 0.172363 0.064453 0.092773