0 0.574219 0.160645 0.240234 0.208008
0 0.219727 0.547363 0.154297 0.204102
0 0.269531 0.810547 0.173828 0.224609
0 0.174805 0.727539 0.205078 0.177734
0 0.274414 0.429199 0.195312 0.270508
0 0.144531 0.505371 0.193359 0.256836
0 0.768555 0.280762 0.208984 0.227539
0 0.202637 0.322266 0.272461 0.208984
0 0.711426 0.562012 0.252930 0.227539
0 0.729004 0.856934 0.170898 0.141602
0 0.249512 0.185059 0.249023 0.188477
0 0.841797 0.263184 0.164062 0.215820
0 0.493164 0.605469 0.238281 0.228516
0 0.482422 0.505859 0.195312 0.164062
4 0.252441 0.922852 0.127930 0.093750
4 0.171387 0.872559 0.204102 0.198242
4 0.717285 0.237305 0.163086 0.142578
2 0.616699 0.822266 0.069336 0.066406
2 0.373535 0.648438 0.073242 0.089844
2 0.409180 0.932617 0.107422 0.119141
1 0.304688 0.728516 0.050781 0.058594
1 0.365723 0.062500 0.088867 0.091797
1 0.953125 0.955078 0.029297 0.048828
1 0.764648 0.556152 0.097656 0.104492
1 0.162598 0.528320 0.094727 0.093750
1 0.180176 0.960449 0.040039 0.063477
3 0.662109 0.757324 0.058594 0.065430