0 0.474609 0.801270 0.205078 0.165039
0 0.327637 0.429688 0.268555 0.220703
0 0.474121 0.341797 0.184570 0.226562
0 0.884766 0.291992 0.158203 0.126953
0 0.540527 0.355469 0.208008 0.177734
0 0.660645 0.708008 0.280273 0.214844
0 0.548340 0.312988 0.127930 0.182617
0 0.582031 0.679199 0.220703 0.163086
0 0.163086 0.739746 0.193359 0.149414
0 0.785645 0.528320 0.299805 0.257812
0 0.764648 0.186035 0.205078 0.157227
2 0.426270 0.706543 0.065430 0.073242
2 0.320801 0.127441 0.124023 0.102539
2 0.359375 0.105469 0.078125 0.091797
2 0.338867 0.525879 0.093750 0.075195
3 0.416016 0.225098 0.046875 0.061523