0 0.180176 0.211914 0.165039 0.156250
0 0.744141 0.613770 0.214844 0.159180
0 0.691406 0.837402 0.210938 0.176758
0 0.782227 0.798828 0.191406 0.197266
0 0.390137 0.652344 0.194336 0.162109
0 0.207520 0.089844 0.159180 0.146484
0 0.437012 0.856445 0.260742 0.189453
0 0.154297 0.298340 0.189453 0.264648
0 0.107910 0.735840 0.182617 0.241211
0 0.854492 0.227051 0.171875 0.217773
0 0.192383 0.565430 0.263672 0.205078
0 0.780762 0.436523 0.209961 0.164062
4 0.288574 0.872070 0.096680 0.083984
1 0.513184 0.702148 0.055664 0.072266
1 0.889648 0.742188 0.064453 0.070312
1 0.635742 0.642090 0.050781 0.067383
1 0.687012 0.273926 0.096680 0.100586
1 0.428223 0.937500 0.036133 0.060547
1 0.465332 0.213379 0.057617 0.061523
1 0.059570 0.112793 0.089844 0.092773
3 0.203613 0.139648 0.065430 0.068359