0 0.693848 0.375977 0.170898 0.220703
0 0.666016 0.089355 0.195312 0.161133
0 0.244141 0.853516 0.265625 0.195312
0 0.659668 0.774414 0.178711 0.205078
0 0.394531 0.573242 0.160156 0.248047
0 0.725098 0.621582 0.215820 0.237305
0 0.365234 0.370605 0.232422 0.182617
0 0.662598 0.617676 0.211914 0.174805
0 0.470703 0.300293 0.275391 0.204102
0 0.824219 0.140625 0.179688 0.130859
0 0.513184 0.144531 0.163086 0.248047
0 0.154297 0.108887 0.107422 0.166992
0 0.143555 0.559082 0.189453 0.225586
2 0.520508 0.775879 0.064453 0.071289
1 0.496582 0.061523 0.081055 0.091797
1 0.267578 0.739746 0.078125 0.077148
1 0.901367 0.302246 0.109375 0.108398
3 0.779785 0.703125 0.081055 0.085938
3 0.206543 0.393066 0.051758 0.057617