0 0.215820 0.167480 0.187500 0.233398
0 0.253418 0.466309 0.209961 0.184570
0 0.805176 0.779297 0.122070 0.167969
0 0.547852 0.789551 0.279297 0.215820
0 0.445801 0.158691 0.241211 0.299805
0 0.310059 0.646973 0.157227 0.145508
0 0.180664 0.333008 0.232422 0.191406
0 0.321777 0.411621 0.202148 0.155273
4 0.906738 0.422852 0.149414 0.101562
4 0.495605 0.624512 0.194336 0.186523
2 0.198242 0.909668 0.095703 0.071289
2 0.627930 0.919434 0.082031 0.094727
2 0.834961 0.225098 0.066406 0.055664
2 0.169922 0.250488 0.117188 0.106445
1 0.817871 0.390137 0.096680 0.110352
3 0.051270 0.157227 0.098633 0.101562
3 0.900879 0.684082 0.043945 0.051758