0 0.125000 0.646973 0.191406 0.184570
0 0.733398 0.479492 0.257812 0.300781
0 0.855957 0.142578 0.258789 0.226562
0 0.550781 0.814453 0.164062 0.205078
0 0.331055 0.502930 0.169922 0.152344
0 0.396973 0.574707 0.211914 0.270508
0 0.702637 0.791016 0.235352 0.191406
0 0.832520 0.206543 0.200195 0.166992
0 0.748535 0.271484 0.178711 0.244141
0 0.193848 0.686035 0.229492 0.170898
0 0.159180 0.185547 0.248047 0.185547
0 0.834961 0.393555 0.257812 0.212891
0 0.144531 0.465332 0.199219 0.264648
2 0.605469 0.642090 0.074219 0.053711
2 0.494629 0.930664 0.069336 0.078125
1 0.241211 0.614746 0.066406 0.075195
3 0.414551 0.213379 0.051758 0.053711
3 0.860352 0.333496 0.062500 0.063477
3 0.528809 0.182617 0.057617 0.058594