0 0.840332 0.466797 0.209961 0.136719
0 0.478027 0.889160 0.282227 0.217773
0 0.643555 0.850098 0.246094 0.180664
0 0.510742 0.826172 0.199219 0.152344
0 0.886230 0.528809 0.219727 0.170898
0 0.612305 0.476562 0.263672 0.175781
0 0.304688 0.375000 0.253906 0.197266
0 0.415527 0.683105 0.188477 0.243164
0 0.299805 0.588379 0.162109 0.208008
0 0.230469 0.422363 0.193359 0.157227
0 0.854004 0.669922 0.213867 0.193359
0 0.687988 0.407227 0.280273 0.234375
0 0.213379 0.891602 0.252930 0.193359
1 0.821289 0.200684 0.107422 0.110352
1 0.546875 0.467285 0.080078 0.079102
1 0.915039 0.545410 0.060547 0.071289
1 0.091309 0.656250 0.051758 0.056641
1 0.629395 0.183594 0.040039 0.056641
3 0.089355 0.958496 0.071289 0.073242
3 0.737793 0.902344 0.043945 0.046875
3 0.581055 0.284668 0.052734 0.059570
3 0.876465 0.956543 0.045898 0.047852
3 0.942871 0.822754 0.053711 0.053711