0 0.182617 0.895996 0.156250 0.143555
0 0.333984 0.347656 0.193359 0.140625
0 0.751465 0.319824 0.229492 0.190430
0 0.252930 0.390625 0.281250 0.253906
0 0.765137 0.572266 0.239258 0.187500
0 0.757812 0.651367 0.273438 0.216797
0 0.578125 0.133301 0.181641 0.254883
4 0.200195 0.191895 0.146484 0.100586
4 0.714844 0.419922 0.130859 0.111328
4 0.641602 0.706055 0.167969 0.126953
1 0.836426 0.351562 0.040039 0.050781
1 0.870117 0.139160 0.089844 0.096680
1 0.643555 0.058105 0.105469 0.108398
1 0.911133 0.519043 0.078125 0.086914
1 0.257324 0.163574 0.065430 0.069336
1 0.423340 0.813477 0.098633 0.105469
1 0.278809 0.702148 0.071289 0.070312
3 0.373047 0.863281 0.078125 0.078125
3 0.415039 0.213379 0.080078 0.083008
3 0.458496 0.264648 0.090820 0.099609
3 0.456543 0.404785 0.043945 0.075195
3 0.313965 0.781738 0.067383 0.069336