0 0.265137 0.817383 0.262695 0.228516
0 0.373047 0.756836 0.271484 0.322266
0 0.829102 0.305664 0.226562 0.205078
0 0.319336 0.898926 0.207031 0.153320
0 0.514648 0.333496 0.199219 0.215820
4 0.360840 0.199707 0.151367 0.129883
4 0.344238 0.841309 0.135742 0.133789
2 0.575684 0.706543 0.120117 0.102539
2 0.177246 0.119141 0.084961 0.072266
2 0.551758 0.882812 0.097656 0.093750
1 0.835449 0.114258 0.041992 0.076172
1 0.444824 0.403320 0.079102 0.091797
1 0.158203 0.706543 0.083984 0.083008
1 0.780273 0.568359 0.060547 0.062500
3 0.860352 0.840820 0.087891 0.093750
3 0.834961 0.097656 0.060547 0.041016