0 0.656738 0.172852 0.206055 0.173828
0 0.465820 0.675781 0.220703 0.181641
0 0.784180 0.258789 0.175781 0.220703
0 0.337891 0.211426 0.160156 0.217773
0 0.149902 0.480957 0.239258 0.186523
0 0.431152 0.331543 0.172852 0.223633
0 0.704102 0.529785 0.273438 0.223633
0 0.568848 0.887207 0.264648 0.209961
0 0.671387 0.772949 0.233398 0.186523
2 0.063965 0.444824 0.104492 0.100586
2 0.106445 0.171875 0.080078 0.068359
2 0.928223 0.600586 0.118164 0.115234
1 0.748047 0.598145 0.115234 0.116211
1 0.957031 0.328613 0.080078 0.086914
1 0.650879 0.400391 0.059570 0.062500