0 0.228516 0.147949 0.177734 0.125977
0 0.480957 0.746582 0.266602 0.194336
0 0.602051 0.631348 0.219727 0.153320
0 0.697266 0.812988 0.220703 0.163086
0 0.542969 0.542969 0.187500 0.201172
0 0.632324 0.521973 0.221680 0.176758
0 0.618164 0.081055 0.197266 0.134766
0 0.140625 0.270508 0.261719 0.224609
0 0.831543 0.455566 0.229492 0.198242
0 0.244141 0.445312 0.291016 0.259766
0 0.195801 0.682129 0.233398 0.184570
0 0.378906 0.403320 0.300781 0.251953
0 0.469238 0.599609 0.176758 0.123047
0 0.812012 0.631348 0.161133 0.221680
4 0.236816 0.922852 0.145508 0.121094
4 0.159668 0.422363 0.139648 0.174805
4 0.791992 0.476562 0.123047 0.089844
2 0.396484 0.866211 0.056641 0.070312
2 0.214844 0.252441 0.095703 0.088867
2 0.593750 0.380859 0.099609 0.076172
2 0.344238 0.323242 0.110352 0.080078
1 0.441895 0.210449 0.063477 0.065430
1 0.529785 0.294434 0.069336 0.073242
1 0.810547 0.429688 0.064453 0.087891
1 0.383301 0.437500 0.106445 0.105469
1 0.765625 0.311523 0.058594 0.060547
1 0.582031 0.881836 0.064453 0.080078
1 0.802734 0.861816 0.078125 0.077148
3 0.264648 0.253418 0.052734 0.053711
3 0.955566 0.876465 0.069336 0.040039
3 0.495117 0.687988 0.050781 0.065430