0 0.179688 0.405762 0.160156 0.116211
0 0.483887 0.678711 0.166992 0.138672
0 0.716797 0.671875 0.125000 0.191406
0 0.519043 0.628906 0.229492 0.222656
0 0.791016 0.194824 0.195312 0.155273
0 0.828125 0.150879 0.179688 0.166992
0 0.266113 0.462402 0.188477 0.153320
4 0.321777 0.291016 0.163086 0.166016
2 0.442383 0.746094 0.107422 0.091797
2 0.416504 0.595215 0.077148 0.086914
1 0.921875 0.533691 0.052734 0.086914
1 0.269531 0.712891 0.041016 0.060547
1 0.575195 0.164062 0.046875 0.050781
1 0.541504 0.586426 0.055664 0.079102
1 0.197266 0.274902 0.095703 0.094727
1 0.247559 0.589355 0.067383 0.067383
1 0.737305 0.245605 0.103516 0.108398
3 0.073242 0.538086 0.056641 0.060547
3 0.783691 0.725586 0.063477 0.066406
3 0.176758 0.503906 0.044922 0.052734
3 0.801270 0.273438 0.059570 0.039062
3 0.092285 0.567383 0.081055 0.085938