0 0.583496 0.309082 0.245117 0.180664
0 0.521973 0.777832 0.153320 0.198242
0 0.509277 0.552246 0.198242 0.129883
0 0.746094 0.366211 0.234375 0.193359
0 0.141113 0.309082 0.264648 0.221680
0 0.404297 0.431152 0.173828 0.127930
0 0.573730 0.256836 0.157227 0.195312
0 0.893555 0.739746 0.140625 0.200195
2 0.272949 0.629395 0.098633 0.081055
2 0.272949 0.669434 0.096680 0.110352
1 0.133301 0.354492 0.071289 0.076172
1 0.457520 0.148438 0.071289 0.074219
1 0.544434 0.134766 0.075195 0.080078
1 0.213867 0.106934 0.072266 0.071289
1 0.091797 0.359863 0.064453 0.063477
1 0.149414 0.055664 0.080078 0.085938
1 0.031738 0.060059 0.051758 0.069336
1 0.330566 0.520508 0.104492 0.111328
3 0.367676 0.040527 0.063477 0.041992
3 0.348145 0.170898 0.051758 0.052734
3 0.916504 0.950195 0.069336 0.048828
3 0.510742 0.931641 0.082031 0.083984
3 0.578613 0.236328 0.045898 0.046875
3 0.500977 0.372559 0.046875 0.049805