0 0.439453 0.812012 0.181641 0.131836
0 0.166016 0.163574 0.267578 0.192383
0 0.540527 0.609863 0.209961 0.225586
0 0.568359 0.367676 0.294922 0.239258
0 0.776367 0.443359 0.244141 0.203125
0 0.666504 0.351562 0.229492 0.166016
0 0.280762 0.267090 0.176758 0.235352
0 0.808594 0.209473 0.267578 0.204102
0 0.626465 0.296387 0.239258 0.190430
0 0.303711 0.410645 0.251953 0.202148
0 0.885742 0.133301 0.195312 0.143555
0 0.838379 0.712402 0.262695 0.245117
0 0.806641 0.108887 0.263672 0.192383
2 0.958008 0.169434 0.068359 0.061523
2 0.133789 0.316895 0.093750 0.106445
1 0.592285 0.650879 0.073242 0.075195
3 0.122559 0.508789 0.061523 0.087891
3 0.370117 0.583008 0.058594 0.060547
3 0.692383 0.204590 0.093750 0.102539
3 0.537598 0.033691 0.063477 0.065430
3 0.583984 0.506836 0.082031 0.083984