0 0.524414 0.765137 0.169922 0.149414
0 0.697754 0.656250 0.182617 0.138672
0 0.614258 0.648926 0.222656 0.174805
0 0.700195 0.532715 0.173828 0.153320
0 0.428223 0.456543 0.262695 0.301758
0 0.329102 0.395020 0.273438 0.206055
0 0.171387 0.868652 0.256836 0.182617
0 0.493652 0.107422 0.151367 0.207031
0 0.121582 0.695312 0.172852 0.123047
0 0.257812 0.744141 0.271484 0.201172
0 0.659180 0.790039 0.173828 0.197266
0 0.314453 0.543945 0.175781 0.173828
4 0.375977 0.750000 0.058594 0.115234
4 0.183594 0.879883 0.087891 0.125000
4 0.898926 0.473633 0.196289 0.171875
2 0.570312 0.573730 0.074219 0.055664
2 0.534180 0.903809 0.099609 0.094727
2 0.483887 0.403809 0.063477 0.055664
2 0.196777 0.627930 0.079102 0.093750
1 0.817383 0.281738 0.062500 0.067383
1 0.390625 0.515137 0.037109 0.057617
1 0.341309 0.362793 0.081055 0.100586
1 0.058105 0.692383 0.079102 0.078125
1 0.521973 0.693359 0.118164 0.117188
1 0.933594 0.278809 0.076172 0.079102
3 0.386230 0.775391 0.055664 0.085938