0 0.630859 0.832520 0.289062 0.252930
0 0.382324 0.251953 0.178711 0.158203
0 0.190430 0.310059 0.193359 0.157227
0 0.317383 0.828613 0.261719 0.311523
0 0.185547 0.836914 0.146484 0.226562
0 0.397461 0.564453 0.201172 0.158203
0 0.306152 0.767090 0.206055 0.159180
0 0.229980 0.299316 0.219727 0.272461
0 0.827148 0.716797 0.242188 0.216797
0 0.111816 0.368652 0.178711 0.149414
0 0.207031 0.572754 0.216797 0.174805
0 0.758301 0.687012 0.235352 0.196289
0 0.617676 0.657715 0.153320 0.223633
4 0.584473 0.250488 0.194336 0.157227
4 0.826172 0.604492 0.121094 0.091797
4 0.195801 0.512207 0.116211 0.174805
1 0.958984 0.852539 0.050781 0.056641
1 0.382324 0.159180 0.065430 0.064453
1 0.620117 0.948730 0.062500 0.061523
1 0.720703 0.091797 0.054688 0.058594
3 0.938965 0.539062 0.067383 0.072266
3 0.259277 0.580078 0.026367 0.044922
3 0.055176 0.288574 0.047852 0.026367
3 0.436523 0.094238 0.054688 0.061523