0 0.249023 0.166016 0.228516 0.185547
0 0.610840 0.659180 0.288086 0.216797
0 0.138184 0.221191 0.166992 0.194336
0 0.152344 0.163574 0.248047 0.165039
0 0.539551 0.188477 0.172852 0.232422
0 0.718262 0.544434 0.206055 0.252930
0 0.177246 0.527344 0.139648 0.193359
0 0.257324 0.670410 0.118164 0.137695
0 0.458008 0.399902 0.179688 0.137695
0 0.300781 0.622070 0.261719 0.197266
0 0.260254 0.529785 0.174805 0.141602
0 0.805176 0.637695 0.258789 0.189453
0 0.515137 0.425781 0.204102 0.191406
0 0.126953 0.915039 0.181641 0.158203
4 0.822266 0.408691 0.171875 0.143555
4 0.731934 0.175293 0.129883 0.114258
2 0.465332 0.747070 0.100586 0.091797
2 0.580566 0.742188 0.106445 0.078125
2 0.711426 0.232422 0.063477 0.054688
1 0.491699 0.713379 0.059570 0.083008
1 0.083984 0.961426 0.048828 0.053711
3 0.924316 0.399902 0.067383 0.036133
3 0.153809 0.770508 0.053711 0.085938