0 0.177734 0.645996 0.199219 0.149414
0 0.707520 0.256836 0.223633 0.269531
0 0.697266 0.115234 0.181641 0.167969
0 0.214844 0.440430 0.246094 0.185547
0 0.713867 0.176270 0.183594 0.137695
0 0.468750 0.216797 0.195312 0.144531
0 0.889160 0.380859 0.153320 0.123047
4 0.084961 0.116699 0.138672 0.094727
4 0.381348 0.904297 0.118164 0.085938
2 0.364258 0.124512 0.121094 0.100586
1 0.628906 0.939941 0.089844 0.104492
1 0.768066 0.522461 0.075195 0.080078
1 0.730469 0.114258 0.072266 0.074219
1 0.789551 0.555664 0.057617 0.056641
1 0.483398 0.901367 0.062500 0.068359
1 0.128418 0.175781 0.053711 0.058594
3 0.281250 0.146484 0.033203 0.056641
3 0.076660 0.676758 0.055664 0.056641
3 0.698242 0.079590 0.035156 0.059570