0 0.483398 0.661133 0.154297 0.142578
0 0.239746 0.626465 0.247070 0.182617
0 0.360352 0.195801 0.191406 0.254883
0 0.700684 0.719238 0.190430 0.243164
0 0.164062 0.570801 0.277344 0.233398
0 0.279785 0.826172 0.176758 0.208984
0 0.805664 0.814941 0.226562 0.202148
0 0.475586 0.423340 0.207031 0.147461
0 0.408691 0.923828 0.157227 0.152344
0 0.346191 0.651367 0.200195 0.160156
0 0.851562 0.573730 0.283203 0.245117
4 0.805664 0.937012 0.142578 0.083008
4 0.933594 0.268066 0.126953 0.106445
2 0.785156 0.416992 0.080078 0.087891
2 0.468262 0.047852 0.077148 0.089844
1 0.896973 0.857422 0.061523 0.070312
1 0.078125 0.596191 0.113281 0.112305
1 0.346191 0.730957 0.049805 0.057617
1 0.449707 0.892578 0.104492 0.103516
1 0.967773 0.612305 0.060547 0.062500
3 0.812500 0.776367 0.029297 0.046875