0 0.760742 0.313965 0.166016 0.206055
0 0.200684 0.890137 0.206055 0.165039
0 0.103027 0.151855 0.204102 0.178711
0 0.480469 0.805664 0.179688 0.150391
0 0.130371 0.241699 0.186523 0.254883
0 0.831543 0.571289 0.180664 0.107422
0 0.618652 0.239258 0.305664 0.251953
0 0.560059 0.429688 0.143555 0.166016
0 0.306152 0.496094 0.223633 0.187500
0 0.705566 0.718262 0.266602 0.217773
4 0.747559 0.884766 0.141602 0.175781
1 0.360840 0.406250 0.067383 0.066406
1 0.646973 0.653809 0.090820 0.106445
1 0.634277 0.148438 0.083008 0.089844
3 0.050781 0.124512 0.087891 0.090820