0 0.790527 0.844238 0.243164 0.188477
0 0.148438 0.648438 0.226562 0.158203
0 0.293457 0.392090 0.223633 0.198242
0 0.760742 0.738770 0.214844 0.256836
0 0.662598 0.696777 0.206055 0.264648
0 0.184082 0.165527 0.176758 0.125977
4 0.057617 0.073242 0.103516 0.080078
4 0.417480 0.116211 0.110352 0.082031
4 0.550293 0.117676 0.155273 0.125977
2 0.215332 0.123047 0.067383 0.064453
2 0.702148 0.393555 0.060547 0.046875
2 0.259277 0.639648 0.088867 0.060547
2 0.191406 0.132812 0.093750 0.074219
1 0.906250 0.262695 0.041016 0.080078
1 0.328613 0.808594 0.047852 0.054688
1 0.786133 0.222656 0.076172 0.085938
1 0.513672 0.778320 0.101562 0.109375
1 0.962402 0.732910 0.051758 0.053711
1 0.043457 0.811523 0.038086 0.072266
1 0.581543 0.547363 0.075195 0.077148
3 0.074707 0.906250 0.088867 0.089844
3 0.824219 0.819824 0.083984 0.086914
3 0.422852 0.304688 0.068359 0.070312
3 0.822754 0.323730 0.077148 0.086914
3 0.701660 0.913574 0.047852 0.063477