0 0.457031 0.378906 0.160156 0.218750
0 0.096680 0.392090 0.126953 0.215820
0 0.645508 0.407227 0.250000 0.179688
0 0.357422 0.306152 0.250000 0.235352
0 0.857422 0.774414 0.148438 0.203125
0 0.287109 0.754883 0.201172 0.244141
0 0.337402 0.226562 0.149414 0.224609
0 0.637207 0.508301 0.221680 0.163086
0 0.160156 0.110840 0.259766 0.202148
0 0.741699 0.545898 0.125977 0.167969
4 0.716797 0.621094 0.167969 0.126953
2 0.442383 0.388184 0.066406 0.055664
2 0.176270 0.385742 0.088867 0.062500
2 0.208984 0.882812 0.099609 0.093750
1 0.355469 0.711426 0.042969 0.047852
1 0.284180 0.358398 0.076172 0.091797
1 0.229980 0.581055 0.053711 0.056641
3 0.208496 0.555176 0.059570 0.061523
3 0.335938 0.842285 0.052734 0.053711
3 0.181641 0.312500 0.101562 0.103516
3 0.487305 0.150879 0.064453 0.069336
3 0.279785 0.062500 0.059570 0.060547