0 0.091797 0.722168 0.148438 0.211914
0 0.577637 0.368652 0.211914 0.178711
0 0.704102 0.206055 0.205078 0.171875
0 0.510742 0.126953 0.150391 0.119141
0 0.530762 0.687988 0.260742 0.163086
0 0.710938 0.341309 0.138672 0.186523
0 0.194336 0.736328 0.275391 0.222656
0 0.810547 0.504395 0.169922 0.141602
0 0.246582 0.817383 0.219727 0.181641
0 0.261719 0.385254 0.197266 0.157227
0 0.813477 0.240723 0.197266 0.256836
4 0.432617 0.315430 0.128906 0.101562
2 0.616699 0.465820 0.079102 0.078125
2 0.647461 0.836426 0.091797 0.086914
2 0.122559 0.616699 0.079102 0.073242
2 0.615723 0.537109 0.116211 0.126953
1 0.270996 0.239746 0.057617 0.059570
1 0.713379 0.632812 0.102539 0.103516
1 0.808594 0.225098 0.087891 0.086914
3 0.143066 0.196289 0.065430 0.082031