0 0.568848 0.272461 0.178711 0.146484
0 0.785156 0.732910 0.177734 0.131836
0 0.696777 0.258789 0.153320 0.224609
0 0.666992 0.598633 0.160156 0.152344
0 0.447266 0.773438 0.232422 0.166016
4 0.813965 0.539062 0.147461 0.109375
4 0.776367 0.107422 0.191406 0.154297
4 0.839355 0.755371 0.145508 0.147461
2 0.867676 0.674316 0.086914 0.102539
1 0.358887 0.301758 0.045898 0.050781
1 0.425781 0.693848 0.044922 0.067383
1 0.735840 0.602539 0.055664 0.062500
1 0.220703 0.891113 0.101562 0.102539
1 0.699707 0.930176 0.040039 0.061523
1 0.316895 0.490723 0.045898 0.055664
3 0.570801 0.322266 0.083008 0.048828
3 0.733398 0.207520 0.037109 0.055664
3 0.791016 0.176270 0.054688 0.036133
3 0.051758 0.556641 0.029297 0.046875