0 0.845215 0.160645 0.227539 0.184570
0 0.308594 0.774414 0.234375 0.173828
0 0.633301 0.437012 0.168945 0.241211
0 0.416504 0.232422 0.165039 0.220703
0 0.658203 0.207520 0.318359 0.266602
4 0.076660 0.626953 0.124023 0.089844
4 0.943848 0.362793 0.090820 0.114258
4 0.158203 0.094238 0.150391 0.114258
2 0.422363 0.491211 0.075195 0.072266
2 0.389648 0.107422 0.062500 0.048828
2 0.441895 0.128906 0.114258 0.091797
1 0.144043 0.724609 0.055664 0.091797
1 0.153809 0.131836 0.086914 0.089844
1 0.516113 0.429688 0.079102 0.078125
1 0.390625 0.093262 0.089844 0.098633
1 0.383789 0.879395 0.089844 0.096680
1 0.876953 0.082520 0.095703 0.094727
3 0.446777 0.098633 0.059570 0.066406
3 0.118164 0.624023 0.052734 0.085938
3 0.260742 0.146973 0.048828 0.026367
3 0.733887 0.697266 0.083008 0.060547
3 0.680664 0.957520 0.072266 0.036133