0 0.422852 0.242188 0.148438 0.187500
0 0.213867 0.781250 0.246094 0.195312
0 0.780273 0.287109 0.150391 0.195312
0 0.818359 0.777344 0.183594 0.203125
0 0.648438 0.406250 0.205078 0.238281
0 0.811035 0.844727 0.184570 0.144531
0 0.490234 0.234375 0.171875 0.121094
0 0.894043 0.597168 0.184570 0.127930
0 0.471680 0.657715 0.238281 0.188477
0 0.683594 0.557617 0.226562 0.187500
0 0.584961 0.363281 0.179688 0.166016
4 0.625000 0.908691 0.128906 0.096680
1 0.693359 0.052246 0.097656 0.096680
1 0.822754 0.320801 0.083008 0.088867
1 0.616699 0.950195 0.071289 0.089844
3 0.147949 0.729004 0.079102 0.081055
3 0.644531 0.666016 0.037109 0.058594
3 0.333984 0.471680 0.041016 0.042969
3 0.858398 0.253906 0.070312 0.072266
3 0.510254 0.437500 0.090820 0.099609