0 0.711426 0.301758 0.229492 0.193359
0 0.578125 0.138184 0.160156 0.213867
0 0.280273 0.393066 0.185547 0.239258
0 0.898926 0.112305 0.102539 0.138672
0 0.293457 0.266113 0.209961 0.176758
0 0.705078 0.193359 0.269531 0.197266
0 0.442871 0.168457 0.227539 0.272461
4 0.687500 0.434570 0.212891 0.175781
4 0.327148 0.944824 0.107422 0.090820
2 0.491211 0.852539 0.083984 0.080078
2 0.397461 0.572266 0.103516 0.101562
1 0.672363 0.899414 0.084961 0.089844
1 0.958008 0.920410 0.029297 0.051758
1 0.114258 0.359863 0.097656 0.098633
1 0.757812 0.901367 0.058594 0.060547
1 0.914062 0.762207 0.105469 0.104492
1 0.204590 0.944336 0.077148 0.080078
3 0.735352 0.562500 0.080078 0.082031
3 0.853027 0.300781 0.040039 0.041016
3 0.899902 0.796875 0.036133 0.039062
3 0.868652 0.551270 0.053711 0.083008
3 0.614746 0.490723 0.081055 0.055664
3 0.454102 0.444824 0.046875 0.051758