0 0.788574 0.578613 0.260742 0.206055
0 0.881348 0.370605 0.213867 0.161133
0 0.296387 0.318848 0.254883 0.221680
0 0.642090 0.659668 0.266602 0.229492
0 0.411133 0.324707 0.283203 0.231445
0 0.697266 0.295898 0.205078 0.189453
0 0.787598 0.416016 0.174805 0.160156
0 0.843262 0.782227 0.122070 0.195312
0 0.144043 0.801270 0.206055 0.174805
4 0.203613 0.335449 0.147461 0.110352
4 0.600098 0.600586 0.157227 0.160156
2 0.187500 0.270996 0.078125 0.094727
2 0.112793 0.836426 0.106445 0.096680
2 0.840820 0.608398 0.093750 0.074219
2 0.145996 0.219727 0.075195 0.087891
1 0.227539 0.194824 0.087891 0.090820
1 0.229980 0.511719 0.079102 0.095703
1 0.252441 0.584473 0.043945 0.049805
1 0.742676 0.770020 0.071289 0.081055
1 0.560547 0.423340 0.097656 0.106445
1 0.129395 0.413574 0.063477 0.079102
1 0.119141 0.066895 0.083984 0.083008
1 0.953613 0.915527 0.055664 0.057617
3 0.428711 0.885742 0.074219 0.076172
3 0.501953 0.515625 0.046875 0.027344
3 0.682617 0.649414 0.060547 0.062500
3 0.434570 0.270508 0.056641 0.058594
3 0.734375 0.473633 0.087891 0.056641
3 0.160156 0.826660 0.046875 0.024414