0 0.401855 0.358887 0.231445 0.165039
0 0.809082 0.887207 0.209961 0.166992
0 0.625977 0.186523 0.185547 0.216797
0 0.394531 0.851562 0.224609 0.167969
0 0.454590 0.686035 0.225586 0.284180
0 0.875000 0.779785 0.240234 0.288086
0 0.384277 0.126953 0.180664 0.130859
4 0.192383 0.183594 0.134766 0.099609
2 0.458008 0.647461 0.066406 0.048828
2 0.758301 0.546387 0.092773 0.090820
2 0.191895 0.775391 0.100586 0.091797
2 0.669434 0.573242 0.073242 0.068359
1 0.464844 0.400391 0.087891 0.095703
3 0.095215 0.706055 0.088867 0.099609
3 0.634766 0.303223 0.039062 0.045898
3 0.285156 0.809570 0.048828 0.054688
3 0.537598 0.795898 0.084961 0.087891
3 0.299805 0.801270 0.072266 0.092773