0 0.279297 0.610840 0.136719 0.225586
0 0.405762 0.654785 0.252930 0.229492
0 0.381836 0.480469 0.269531 0.224609
0 0.865234 0.701660 0.228516 0.252930
0 0.153320 0.304199 0.271484 0.217773
4 0.600586 0.555664 0.119141 0.115234
1 0.733887 0.708984 0.067383 0.093750
1 0.449219 0.950195 0.070312 0.080078
1 0.526855 0.087891 0.094727 0.097656
1 0.585449 0.392578 0.081055 0.083984
1 0.766602 0.131348 0.060547 0.059570
1 0.951172 0.950195 0.048828 0.052734
3 0.928711 0.705078 0.076172 0.078125
3 0.184082 0.444336 0.051758 0.054688
3 0.435059 0.067383 0.055664 0.082031
3 0.822266 0.572266 0.060547 0.068359
3 0.439453 0.829590 0.078125 0.083008
3 0.621582 0.028320 0.049805 0.052734