0 0.603516 0.757324 0.304688 0.262695
0 0.432129 0.439941 0.260742 0.202148
0 0.148438 0.521973 0.205078 0.170898
0 0.412598 0.112305 0.204102 0.164062
0 0.166504 0.169434 0.291992 0.249023
0 0.234375 0.820312 0.119141 0.152344
0 0.185059 0.833496 0.200195 0.262695
0 0.706543 0.645020 0.241211 0.178711
4 0.302246 0.151855 0.174805 0.139648
4 0.592285 0.603027 0.108398 0.131836
4 0.110840 0.225098 0.209961 0.174805
2 0.500977 0.511719 0.125000 0.119141
2 0.913086 0.500488 0.058594 0.041992
2 0.310547 0.808594 0.093750 0.064453
1 0.246094 0.717773 0.076172 0.087891
1 0.827148 0.713379 0.097656 0.096680
1 0.449707 0.261230 0.090820 0.102539
1 0.655273 0.900879 0.099609 0.106445
3 0.525879 0.245605 0.067383 0.069336