0 0.403809 0.088867 0.147461 0.113281
0 0.814941 0.078613 0.192383 0.141602
0 0.372559 0.818359 0.161133 0.146484
0 0.234375 0.336426 0.177734 0.225586
0 0.169922 0.580566 0.253906 0.204102
0 0.452148 0.229004 0.193359 0.245117
0 0.291992 0.334961 0.207031 0.152344
0 0.747070 0.545898 0.167969 0.191406
0 0.587402 0.376953 0.245117 0.228516
0 0.835449 0.437012 0.168945 0.202148
0 0.110840 0.516602 0.202148 0.158203
0 0.585938 0.158691 0.255859 0.182617
0 0.502441 0.172363 0.178711 0.133789
0 0.350098 0.581543 0.192383 0.149414
2 0.287109 0.732910 0.103516 0.073242
2 0.873047 0.530273 0.097656 0.091797
1 0.376465 0.204102 0.043945 0.052734
1 0.297363 0.272461 0.096680 0.105469
1 0.288086 0.621582 0.056641 0.061523
1 0.854980 0.048828 0.043945 0.062500
1 0.651367 0.728027 0.076172 0.090820
1 0.937500 0.219727 0.068359 0.076172
1 0.523926 0.370605 0.100586 0.104492
3 0.682129 0.397461 0.057617 0.058594
3 0.082031 0.191406 0.080078 0.080078
3 0.456543 0.221191 0.096680 0.098633