0 0.461426 0.851562 0.211914 0.148438
0 0.395508 0.796875 0.210938 0.160156
0 0.175293 0.154785 0.233398 0.202148
0 0.244141 0.522949 0.167969 0.196289
0 0.744141 0.295410 0.166016 0.192383
0 0.863770 0.395508 0.237305 0.208984
0 0.464355 0.618164 0.229492 0.238281
0 0.359375 0.714355 0.238281 0.295898
0 0.819336 0.281250 0.230469 0.166016
4 0.688965 0.444336 0.194336 0.167969
2 0.446777 0.827637 0.112305 0.104492
1 0.057129 0.675293 0.040039 0.073242
3 0.250488 0.274414 0.065430 0.085938
3 0.200684 0.366211 0.090820 0.093750
3 0.075684 0.919434 0.092773 0.092773
3 0.245605 0.391113 0.067383 0.071289
3 0.649902 0.867676 0.086914 0.088867
3 0.675293 0.393555 0.051758 0.052734