0 0.307129 0.154297 0.198242 0.160156
0 0.847168 0.717773 0.301758 0.236328
0 0.846191 0.102051 0.137695 0.133789
0 0.596191 0.462891 0.215820 0.253906
0 0.849609 0.435547 0.232422 0.234375
0 0.573730 0.623047 0.225586 0.224609
0 0.883301 0.335449 0.196289 0.147461
0 0.767090 0.182129 0.202148 0.159180
0 0.479980 0.336426 0.231445 0.170898
0 0.720215 0.606934 0.250977 0.209961
0 0.209473 0.539062 0.174805 0.216797
0 0.875000 0.147461 0.222656 0.169922
0 0.382812 0.561035 0.230469 0.190430
0 0.714844 0.814941 0.187500 0.266602
4 0.573730 0.664551 0.133789 0.094727
1 0.845703 0.643066 0.072266 0.071289
1 0.051758 0.067383 0.091797 0.099609
1 0.959473 0.066895 0.040039 0.061523
1 0.659180 0.780762 0.093750 0.092773
1 0.351074 0.448242 0.036133 0.046875
1 0.791992 0.773438 0.080078 0.087891
3 0.083496 0.931152 0.073242 0.083008
3 0.889160 0.497070 0.063477 0.064453
3 0.182617 0.372070 0.064453 0.068359
3 0.534180 0.320801 0.064453 0.088867