0 0.714355 0.296875 0.239258 0.210938
0 0.865234 0.381836 0.261719 0.207031
0 0.182129 0.421387 0.178711 0.235352
0 0.758789 0.583984 0.177734 0.234375
0 0.582520 0.873047 0.180664 0.250000
0 0.615723 0.235840 0.303711 0.245117
0 0.200684 0.496582 0.249023 0.204102
0 0.385742 0.367676 0.281250 0.204102
0 0.192871 0.113281 0.166992 0.132812
0 0.684570 0.593262 0.240234 0.163086
4 0.365234 0.435547 0.125000 0.123047
4 0.450684 0.310059 0.182617 0.139648
4 0.554688 0.517578 0.138672 0.119141
1 0.114258 0.535645 0.076172 0.079102
1 0.697754 0.511719 0.086914 0.089844
1 0.116699 0.329102 0.100586 0.099609
1 0.496094 0.403809 0.109375 0.108398
1 0.635254 0.606934 0.090820 0.094727
3 0.876953 0.162598 0.046875 0.063477
3 0.376953 0.960449 0.037109 0.040039