0 0.611816 0.500488 0.194336 0.145508
0 0.628418 0.167969 0.170898 0.218750
0 0.531738 0.519043 0.124023 0.176758
0 0.232910 0.254883 0.252930 0.203125
0 0.163574 0.758301 0.237305 0.272461
0 0.589355 0.711426 0.227539 0.231445
0 0.751953 0.319824 0.226562 0.194336
4 0.893555 0.374512 0.099609 0.125977
4 0.682617 0.383301 0.154297 0.127930
4 0.522949 0.260254 0.159180 0.135742
2 0.596191 0.546387 0.112305 0.092773
2 0.458496 0.189453 0.077148 0.074219
2 0.210449 0.934082 0.118164 0.100586
1 0.915527 0.843750 0.086914 0.089844
1 0.727539 0.302246 0.048828 0.086914
1 0.603027 0.598633 0.118164 0.117188
3 0.593262 0.615723 0.071289 0.071289
3 0.480469 0.453613 0.076172 0.086914
3 0.205566 0.141602 0.051758 0.054688
3 0.951660 0.591309 0.047852 0.049805