0 0.126953 0.919922 0.164062 0.138672
0 0.161621 0.838379 0.233398 0.194336
0 0.473633 0.664551 0.236328 0.280273
0 0.660645 0.221680 0.208008 0.193359
0 0.523926 0.425781 0.256836 0.193359
0 0.256348 0.878906 0.249023 0.177734
0 0.591797 0.608887 0.244141 0.172852
4 0.717773 0.843262 0.187500 0.161133
2 0.751953 0.918945 0.095703 0.109375
1 0.229980 0.700195 0.057617 0.056641
1 0.338867 0.404785 0.058594 0.081055
1 0.053711 0.379395 0.066406 0.073242
1 0.917969 0.352051 0.070312 0.077148
1 0.549316 0.502441 0.086914 0.092773
1 0.084473 0.143555 0.030273 0.050781
1 0.193359 0.433105 0.097656 0.096680
1 0.203125 0.891602 0.074219 0.085938
3 0.091309 0.666992 0.055664 0.085938
3 0.216797 0.496582 0.048828 0.063477