0 0.616211 0.861328 0.244141 0.201172
0 0.713867 0.163086 0.228516 0.169922
0 0.192383 0.402344 0.250000 0.244141
0 0.873535 0.390137 0.172852 0.221680
0 0.202148 0.302734 0.169922 0.128906
0 0.298828 0.645508 0.203125 0.283203
0 0.114746 0.874023 0.176758 0.207031
0 0.462402 0.304199 0.270508 0.227539
4 0.857422 0.485840 0.195312 0.161133
4 0.209961 0.760254 0.093750 0.145508
2 0.811523 0.939453 0.082031 0.095703
2 0.739746 0.368164 0.092773 0.078125
2 0.560547 0.683105 0.128906 0.108398
2 0.147949 0.168457 0.071289 0.059570
1 0.277832 0.237793 0.049805 0.065430
3 0.081055 0.071777 0.039062 0.041992