0 0.458496 0.570312 0.151367 0.220703
0 0.503906 0.696289 0.279297 0.236328
0 0.593262 0.139160 0.209961 0.163086
0 0.801758 0.837402 0.179688 0.131836
0 0.296875 0.751465 0.232422 0.165039
0 0.281250 0.325684 0.306641 0.260742
0 0.461426 0.774414 0.178711 0.150391
0 0.173828 0.794434 0.148438 0.209961
0 0.302246 0.649414 0.266602 0.216797
4 0.193848 0.603516 0.170898 0.121094
4 0.763672 0.234863 0.185547 0.147461
2 0.277344 0.651367 0.093750 0.085938
2 0.165039 0.375977 0.070312 0.080078
2 0.444336 0.582520 0.095703 0.077148
2 0.443359 0.772461 0.091797 0.087891
1 0.748047 0.551270 0.082031 0.083008
3 0.777344 0.539551 0.042969 0.073242
3 0.521484 0.356445 0.083984 0.091797