0 0.445312 0.274414 0.244141 0.179688
0 0.281250 0.372559 0.216797 0.180664
0 0.159668 0.821777 0.286133 0.237305
0 0.190430 0.586914 0.210938 0.169922
0 0.321289 0.624023 0.230469 0.191406
0 0.887207 0.499023 0.192383 0.138672
0 0.176270 0.117188 0.209961 0.175781
0 0.768555 0.658691 0.203125 0.235352
0 0.651367 0.840820 0.205078 0.177734
0 0.274414 0.504395 0.183594 0.131836
4 0.574707 0.612793 0.106445 0.147461
2 0.162598 0.943359 0.063477 0.074219
2 0.375977 0.529785 0.083984 0.102539
2 0.284668 0.849609 0.100586 0.078125
1 0.575195 0.045410 0.035156 0.045898
1 0.412109 0.588867 0.064453 0.068359
1 0.314453 0.151367 0.058594 0.060547
1 0.328125 0.246582 0.074219 0.075195
1 0.062500 0.620117 0.072266 0.074219
1 0.293457 0.496582 0.071289 0.088867
3 0.389160 0.331055 0.047852 0.054688
3 0.617188 0.809082 0.033203 0.040039
3 0.202148 0.901855 0.046875 0.034180
3 0.097168 0.348633 0.090820 0.099609
3 0.883301 0.288574 0.036133 0.047852
3 0.317383 0.359375 0.044922 0.072266