0 0.084473 0.384766 0.137695 0.177734
0 0.870605 0.494629 0.243164 0.188477
0 0.759766 0.819824 0.232422 0.174805
0 0.469727 0.372559 0.195312 0.249023
0 0.806152 0.387695 0.213867 0.189453
0 0.212891 0.291504 0.181641 0.223633
0 0.822266 0.637207 0.203125 0.272461
0 0.460449 0.832031 0.274414 0.224609
0 0.649902 0.376953 0.254883 0.183594
0 0.306152 0.138184 0.215820 0.186523
0 0.786133 0.886719 0.150391 0.218750
0 0.139160 0.174805 0.172852 0.203125
1 0.045898 0.147949 0.082031 0.086914
1 0.626953 0.530762 0.111328 0.112305
1 0.814453 0.604492 0.076172 0.080078
1 0.387207 0.927734 0.073242 0.078125
1 0.108398 0.631348 0.117188 0.116211
1 0.457031 0.276367 0.066406 0.078125
1 0.420410 0.838379 0.053711 0.059570
1 0.669922 0.897461 0.048828 0.058594
3 0.298340 0.083984 0.069336 0.085938
3 0.671875 0.903809 0.070312 0.090820